1761988449.623150,0
1761988449.734071,7
1761988449.842556,15
1761988449.950421,24
1761988450.055929,29
1761988450.161684,37
1761988450.267838,46
1761988450.375773,54
1761988450.485646,61
1761988450.591378,66
1761988450.698181,73
1761988450.805729,80
1761988450.911952,85
1761988451.019244,92
1761988451.126590,100
1761988451.232506,99
1761988451.339034,100
1761988451.447431,100
1761988451.554323,99
1761988451.661742,99
1761988451.768211,100
1761988451.873895,99
1761988451.979877,99
1761988452.085806,99
1761988452.191457,99
1761988452.298038,99
1761988452.404535,100
1761988452.510916,100
1761988452.617797,99
1761988452.723376,99
1761988452.830635,97
1761988452.938040,98
1761988453.046169,98
1761988453.152131,99
1761988453.259062,98
1761988453.365189,96
1761988453.471711,99
1761988453.579694,100
1761988453.686928,100
1761988453.798182,98
1761988453.904505,99
1761988454.010243,98
1761988454.116501,98
1761988454.223776,97
1761988454.331549,96
1761988454.438149,97
1761988454.543701,94
1761988454.653863,94
1761988454.759768,94
1761988454.866048,99
1761988454.973044,99
1761988455.080039,100
1761988455.188065,99
1761988455.294711,99
1761988455.402203,99
1761988455.509416,99
1761988455.615602,98
1761988455.723676,99
1761988455.830712,100
1761988455.936045,99
1761988456.044577,99
1761988456.153257,100
1761988456.259812,99
1761988456.365845,99
1761988456.472307,92
1761988456.578706,86
1761988456.685140,82
1761988456.791527,69
1761988456.898488,55
1761988457.004499,43
1761988457.110534,31
1761988457.216693,19
1761988457.323203,25
1761988457.430962,25
1761988457.537450,26
1761988457.643589,27
1761988457.751356,34
1761988457.857354,43
1761988457.964332,55
1761988458.069949,56
1761988458.176152,54
1761988458.283212,52
1761988458.391375,51
1761988458.498878,50
1761988458.605587,51
1761988458.711478,53
1761988458.817736,52
1761988458.924963,53
1761988459.030143,53
1761988459.138669,56
1761988459.245942,55
1761988459.352514,57
1761988459.459118,59
1761988459.566427,58
1761988459.672513,58
1761988459.780456,58
1761988459.886483,56
1761988459.994167,56
1761988460.101392,55
1761988460.207205,52
1761988460.313453,53
1761988460.419964,53
1761988460.526546,53
1761988460.633180,53
1761988460.739612,54
1761988460.846321,54
1761988460.953055,53
1761988461.058674,53
1761988461.165260,53
1761988461.271601,53
1761988461.378310,53
1761988461.485031,53
1761988461.591935,52
1761988461.698244,53
1761988461.803901,52
1761988461.910672,52
1761988462.015978,52
1761988462.122327,52
1761988462.227846,52
1761988462.335266,52
1761988462.442626,52
1761988462.552016,53
1761988462.658809,53
1761988462.766006,54
1761988462.874191,54
1761988462.980516,54
1761988463.087824,54
1761988463.199165,53
1761988463.309584,55
1761988463.417468,55
1761988463.525646,54
1761988463.634270,54
1761988463.740100,54
1761988463.845448,54
1761988463.953614,54
1761988464.061300,60
1761988464.170001,60
1761988464.278292,61
1761988464.385672,61
1761988464.491900,61
1761988464.599352,61
1761988464.706286,61
1761988464.813430,59
1761988464.930002,55
1761988465.039370,55
1761988465.147291,55
1761988465.254403,55
1761988465.360507,56
1761988465.466203,55
1761988465.571585,56
1761988465.678422,53
1761988465.787068,54
1761988465.895000,55
1761988466.002416,55
1761988466.109870,55
1761988466.215885,55
1761988466.323135,55
1761988466.429912,55
1761988466.536154,55
1761988466.642135,55
1761988466.749458,55
1761988466.856146,55
1761988466.962321,55
1761988467.069389,54
1761988467.175866,55
1761988467.282403,54
1761988467.389501,54
1761988467.498413,54
1761988467.605985,54
1761988467.712061,54
1761988467.818564,54
1761988467.925061,55
1761988468.032657,55
1761988468.138585,55
1761988468.245960,56
1761988468.352185,56
1761988468.458109,56
1761988468.563832,56
1761988468.671364,55
1761988468.777574,62
1761988468.883965,63
1761988468.991653,63
1761988469.098815,63
1761988469.206042,63
1761988469.314223,63
1761988469.425780,62
1761988469.532833,57
1761988469.639729,57
1761988469.748351,57
1761988469.858287,57
1761988469.964922,57
1761988470.071705,57
1761988470.179060,57
1761988470.285829,58
1761988470.393093,56
1761988470.502471,56
1761988470.609382,56
1761988470.715830,56
1761988470.822358,56
1761988470.928514,56
1761988471.034694,56
1761988471.141308,56
1761988471.247173,56
1761988471.353566,56
1761988471.461016,56
1761988471.567850,56
1761988471.674427,55
1761988471.782287,56
1761988471.889230,55
1761988471.999510,56
1761988472.106607,56
1761988472.213334,56
1761988472.319808,58
1761988472.425774,57
1761988472.535126,57
1761988472.646731,58
1761988472.753973,58
1761988472.859994,58
1761988472.967075,58
1761988473.073048,58
1761988473.178448,58
1761988473.285722,58
1761988473.392285,57
1761988473.500503,64
1761988473.606934,63
1761988473.714238,65
1761988473.821705,64
1761988473.928172,64
1761988474.034211,64
1761988474.143987,64
1761988474.250771,62
1761988474.358074,60
1761988474.464958,59
1761988474.573058,58
1761988474.680104,58
1761988474.786544,58
1761988474.893801,59
1761988475.002764,58
1761988475.111653,57
1761988475.218325,57
1761988475.325774,56
1761988475.432499,57
1761988475.538579,57
1761988475.646229,57
1761988475.753932,58
1761988475.860686,58
1761988475.966597,59
1761988476.073338,58
1761988476.179917,58
1761988476.285587,58
1761988476.392273,58
1761988476.498698,58
1761988476.603797,58
1761988476.711261,58
1761988476.818017,58
1761988476.924550,59
1761988477.030731,58
1761988477.138541,58
1761988477.245006,59
1761988477.351867,60
1761988477.458388,60
1761988477.566926,59
1761988477.673735,59
1761988477.778818,59
1761988477.888547,59
1761988477.994209,59
1761988478.100589,59
1761988478.209375,66
1761988478.316228,65
1761988478.423703,65
1761988478.530669,65
1761988478.637975,65
1761988478.744529,65
1761988478.852130,65
1761988478.958870,65
1761988479.068215,59
1761988479.174733,59
1761988479.282264,60
1761988479.388782,62
1761988479.496524,61
1761988479.602793,61
1761988479.710601,61
1761988479.817538,61
1761988479.924562,60
1761988480.031344,59
1761988480.138077,59
1761988480.244503,59
1761988480.350088,59
1761988480.457948,59
1761988480.563979,59
1761988480.672658,59
1761988480.781996,59
1761988480.889010,59
1761988480.994544,60
1761988481.106414,59
1761988481.213463,59
1761988481.321790,60
1761988481.427648,60
1761988481.535169,60
1761988481.641428,60
1761988481.749575,59
1761988481.856792,60
1761988481.962937,59
1761988482.079256,59
1761988482.186302,60
1761988482.292050,60
1761988482.398926,60
1761988482.504931,61
1761988482.611233,60
1761988482.717236,61
1761988482.823769,61
1761988482.934567,62
1761988483.040965,69
1761988483.147432,68
1761988483.255617,68
1761988483.361987,68
1761988483.468023,67
1761988483.574994,68
1761988483.682237,67
1761988483.789880,67
1761988483.899522,62
1761988484.006627,62
1761988484.120580,62
1761988484.227480,62
1761988484.333831,62
1761988484.439614,62
1761988484.548190,61
1761988484.655171,62
1761988484.764101,62
1761988484.872316,61
1761988484.978548,61
1761988485.086015,61
1761988485.192544,61
1761988485.300130,61
1761988485.408510,60
1761988485.514436,60
1761988485.622431,60
1761988485.729423,61
1761988485.836177,60
1761988485.943354,60
1761988486.048693,60
1761988486.156635,60
1761988486.265537,62
1761988486.373150,62
1761988486.480501,62
1761988486.588009,62
1761988486.694893,62
1761988486.800122,62
1761988486.911510,62
1761988487.017504,62
1761988487.127770,62
1761988487.236157,63
1761988487.342735,62
1761988487.448960,62
1761988487.558344,62
1761988487.664343,62
1761988487.770911,62
1761988487.877873,68
1761988487.984113,68
1761988488.090441,69
1761988488.195990,69
1761988488.303452,69
1761988488.411328,69
1761988488.517985,69
1761988488.625209,69
1761988488.732528,68
1761988488.839779,63
1761988488.947432,63
1761988489.055486,63
1761988489.161815,63
1761988489.268303,63
1761988489.375533,63
1761988489.482349,63
1761988489.589276,63
1761988489.695062,61
1761988489.801957,61
1761988489.910047,61
1761988490.015873,62
1761988490.122433,63
1761988490.230477,62
1761988490.337256,62
1761988490.444529,63
1761988490.551911,63
1761988490.659013,64
1761988490.765585,63
1761988490.873904,63
1761988490.980532,63
1761988491.086342,63
1761988491.192683,63
1761988491.299847,63
1761988491.407067,63
1761988491.513436,63
1761988491.623353,63
1761988491.730090,64
1761988491.835472,63
1761988491.941606,64
1761988492.047431,63
1761988492.155063,63
1761988492.263182,63
1761988492.370172,63
1761988492.475084,63
1761988492.581568,63
1761988492.686724,63
1761988492.795183,69
1761988492.901935,69
1761988493.007810,69
1761988493.114510,69
1761988493.227059,68
1761988493.335132,70
1761988493.442924,70
1761988493.550066,70
1761988493.659307,69
1761988493.766805,65
1761988493.874431,65
1761988493.981354,65
1761988494.088342,65
1761988494.196354,65
1761988494.303619,65
1761988494.410615,65
1761988494.521714,65
1761988494.629128,64
1761988494.735815,64
1761988494.843780,64
1761988494.951720,64
1761988495.059264,63
1761988495.165877,64
1761988495.272511,64
1761988495.379122,64
1761988495.489376,64
1761988495.596711,64
1761988495.703358,64
1761988495.810767,64
1761988495.916490,64
1761988496.023917,64
1761988496.131135,64
1761988496.241706,64
1761988496.353356,64
1761988496.460120,64
1761988496.566205,64
1761988496.673296,64
1761988496.781225,65
1761988496.887706,65
1761988496.994124,65
1761988497.101537,65
1761988497.210283,65
1761988497.317605,65
1761988497.424736,65
1761988497.531429,66
1761988497.637856,66
1761988497.744164,72
1761988497.852563,72
1761988497.961338,72
1761988498.067075,72
1761988498.174591,72
1761988498.284873,71
1761988498.393315,72
1761988498.500506,73
1761988498.606118,73
1761988498.714699,68
1761988498.827507,67
1761988498.935396,67
1761988499.045582,67
1761988499.152145,68
1761988499.259129,67
1761988499.371432,67
1761988499.479493,66
1761988499.587236,66
1761988499.693521,65
1761988499.803797,65
1761988499.910259,65
1761988500.017232,65
1761988500.125791,65
1761988500.233762,66
1761988500.341953,65
1761988500.449940,65
1761988500.558084,65
1761988500.665469,65
1761988500.773288,65
1761988500.878917,65
1761988500.987553,66
1761988501.094258,65
1761988501.201540,65
1761988501.307651,65
1761988501.418456,66
1761988501.526728,66
1761988501.633690,66
1761988501.742724,67
1761988501.850501,67
1761988501.957432,68
1761988502.064354,67
1761988502.171273,67
1761988502.279773,67
1761988502.388056,67
1761988502.495554,67
1761988502.604157,67
1761988502.712681,73
1761988502.821131,73
1761988502.927475,73
1761988503.033642,74
1761988503.139469,73
1761988503.246737,73
1761988503.355076,73
1761988503.464594,74
1761988503.571699,74
1761988503.686776,70
1761988503.795441,68
1761988503.908665,68
1761988504.017241,69
1761988504.124295,68
1761988504.235066,68
1761988504.341391,68
1761988504.449140,68
1761988504.555233,67
1761988504.662477,66
1761988504.770369,66
1761988504.879236,66
1761988504.988219,66
1761988505.095280,66
1761988505.202472,66
1761988505.309753,67
1761988505.418395,68
1761988505.524508,68
1761988505.630600,68
1761988505.737501,69
1761988505.843674,67
1761988505.949293,69
1761988506.056999,67
1761988506.164172,67
1761988506.270579,67
1761988506.377251,67
1761988506.483331,67
1761988506.590117,67
1761988506.697306,68
1761988506.804013,68
1761988506.911138,68
1761988507.021708,68
1761988507.128285,69
1761988507.236154,69
1761988507.343426,69
1761988507.449944,69
1761988507.555755,69
1761988507.662178,69
1761988507.768545,75
1761988507.877425,74
1761988507.984350,74
1761988508.090342,74
1761988508.197253,74
1761988508.303874,75
1761988508.414818,74
1761988508.521705,74
1761988508.627069,74
1761988508.737658,68
1761988508.845521,68
1761988508.952511,69
1761988509.061930,69
1761988509.169647,69
1761988509.276978,70
1761988509.386005,71
1761988509.494251,70
1761988509.599782,70
1761988509.706373,70
1761988509.813144,68
1761988509.919589,68
1761988510.027190,68
1761988510.135337,68
1761988510.244138,68
1761988510.354377,68
1761988510.462629,68
1761988510.570243,69
1761988510.678989,69
1761988510.786168,69
1761988510.894437,69
1761988511.003506,69
1761988511.111309,69
1761988511.217345,69
1761988511.325777,69
1761988511.435982,67
1761988511.545501,68
1761988511.651682,68
1761988511.760203,68
1761988511.870337,69
1761988511.976899,69
1761988512.084508,69
1761988512.191750,69
1761988512.301442,70
1761988512.407502,70
1761988512.514538,70
1761988512.620506,70
1761988512.726594,70
1761988512.833730,77
1761988512.939462,77
1761988513.047431,77
1761988513.154739,77
1761988513.260169,77
1761988513.367034,77
1761988513.473715,77
1761988513.581529,77
1761988513.687709,78
1761988513.794415,75
1761988513.901323,71
1761988514.016660,71
1761988514.129001,72
1761988514.236500,71
1761988514.343127,72
1761988514.459584,72
1761988514.565905,71
1761988514.671627,72
1761988514.777885,71
1761988514.885227,70
1761988514.991556,70
1761988515.098647,70
1761988515.203996,70
1761988515.310552,69
1761988515.417057,69
1761988515.523165,69
1761988515.630067,70
1761988515.736253,70
1761988515.843473,70
1761988515.949592,70
1761988516.055673,70
1761988516.161896,70
1761988516.269406,70
1761988516.375655,71
1761988516.482470,70
1761988516.589503,70
1761988516.694688,70
1761988516.801825,70
1761988516.907742,71
1761988517.013517,70
1761988517.119455,71
1761988517.226386,71
1761988517.332345,71
1761988517.439701,71
1761988517.546710,71
1761988517.654654,71
1761988517.761114,71
1761988517.867251,70
1761988517.974718,78
1761988518.079942,78
1761988518.186718,78
1761988518.293961,78
1761988518.400160,78
1761988518.506663,78
1761988518.613245,78
1761988518.720267,79
1761988518.826374,79
1761988518.931472,76
1761988519.037839,73
1761988519.144203,73
1761988519.250228,73
1761988519.355484,73
1761988519.462584,72
1761988519.570212,72
1761988519.675967,72
1761988519.782302,72
1761988519.889490,72
1761988519.994713,71
1761988520.101560,71
1761988520.206996,71
1761988520.313048,71
1761988520.418918,70
1761988520.527977,69
1761988520.632797,71
1761988520.739746,71
1761988520.845900,71
1761988520.952091,71
1761988521.058693,71
1761988521.164187,71
1761988521.270924,71
1761988521.377208,71
1761988521.482703,71
1761988521.588743,71
1761988521.695679,73
1761988521.801970,72
1761988521.908618,72
1761988522.014457,73
1761988522.122438,73
1761988522.229670,73
1761988522.337184,72
1761988522.443898,72
1761988522.549888,73
1761988522.656753,73
1761988522.763699,73
1761988522.870110,73
1761988522.976507,73
1761988523.082318,80
1761988523.188191,81
1761988523.293877,80
1761988523.399973,81
1761988523.507455,80
1761988523.614197,80
1761988523.719367,80
1761988523.826938,80
1761988523.934335,80
1761988524.041283,79
1761988524.148222,72
1761988524.255882,73
1761988524.361852,73
1761988524.469106,73
1761988524.575211,73
1761988524.681494,73
1761988524.787619,74
1761988524.907897,74
1761988525.016347,74
1761988525.123778,74
1761988525.230240,71
1761988525.335454,72
1761988525.442380,72
1761988525.549551,72
1761988525.655786,72
1761988525.762877,72
1761988525.870068,72
1761988525.977676,73
1761988526.083440,73
1761988526.190446,73
1761988526.297432,74
1761988526.403144,73
1761988526.511524,75
1761988526.618337,73
1761988526.726887,73
1761988526.833895,73
1761988526.939565,73
1761988527.045474,73
1761988527.156245,73
1761988527.262672,74
1761988527.368878,74
1761988527.473922,74
1761988527.580493,74
1761988527.687382,74
1761988527.793327,75
1761988527.899714,74
1761988528.005887,74
1761988528.111840,75
1761988528.218172,75
1761988528.323855,82
1761988528.435328,81
1761988528.543199,81
1761988528.649886,81
1761988528.756045,81
1761988528.862276,81
1761988528.969571,81
1761988529.076508,82
1761988529.183552,81
1761988529.290252,78
1761988529.397431,74
1761988529.504297,75
1761988529.611630,72
1761988529.718619,74
1761988529.824534,74
1761988529.930473,74
1761988530.037376,74
1761988530.143048,74
1761988530.249988,75
1761988530.355628,77
1761988530.461774,75
1761988530.568994,74
1761988530.674455,74
1761988530.781264,74
1761988530.887903,74
1761988530.994425,74
1761988531.100599,74
1761988531.206659,74
1761988531.311877,74
1761988531.417833,74
1761988531.523761,75
1761988531.630185,74
1761988531.735988,75
1761988531.843702,74
1761988531.949827,74
1761988532.056502,74
1761988532.162070,74
1761988532.268250,74
1761988532.376606,75
1761988532.484344,76
1761988532.591523,76
1761988532.701677,76
1761988532.807766,76
1761988532.914256,76
1761988533.020680,75
1761988533.127292,75
1761988533.233261,75
1761988533.340565,75
1761988533.450719,75
1761988533.557258,82
1761988533.663483,82
1761988533.770046,82
1761988533.877097,82
1761988533.982212,82
1761988534.088576,83
1761988534.194751,83
1761988534.301047,84
1761988534.408523,83
1761988534.514830,80
1761988534.620538,78
1761988534.726444,77
1761988534.833104,77
1761988534.939539,77
1761988535.045237,77
1761988535.151413,77
1761988535.256502,77
1761988535.362236,77
1761988535.467378,77
1761988535.573374,77
1761988535.679961,75
1761988535.787053,75
1761988535.893739,75
1761988535.999561,76
1761988536.106483,75
1761988536.212926,75
1761988536.318545,76
1761988536.424633,76
1761988536.529268,76
1761988536.635884,76
1761988536.741948,76
1761988536.848691,76
1761988536.954644,76
1761988537.060249,76
1761988537.166444,76
1761988537.271236,76
1761988537.377258,76
1761988537.483359,75
1761988537.588751,76
1761988537.695166,76
1761988537.800492,76
1761988537.907328,76
1761988538.013108,77
1761988538.119460,76
1761988538.226546,76
1761988538.331699,76
1761988538.438128,76
1761988538.545477,77
1761988538.652044,78
1761988538.760026,85
1761988538.866204,84
1761988538.972671,84
1761988539.078851,85
1761988539.185797,85
1761988539.292516,85
1761988539.399124,85
1761988539.505269,85
1761988539.611568,84
1761988539.717215,83
1761988539.823465,81
1761988539.929310,78
1761988540.034610,78
1761988540.140699,78
1761988540.246298,78
1761988540.353259,78
1761988540.459795,78
1761988540.565888,78
1761988540.672506,79
1761988540.778104,79
1761988540.884162,79
1761988540.991725,77
1761988541.098198,77
1761988541.203136,77
1761988541.311288,77
1761988541.420583,77
1761988541.527282,77
1761988541.633479,77
1761988541.739465,77
1761988541.845761,77
1761988541.951869,78
1761988542.059126,76
1761988542.165806,76
1761988542.271653,76
1761988542.378554,76
1761988542.485898,76
1761988542.592509,76
1761988542.700529,76
1761988542.806076,76
1761988542.912231,77
1761988543.017878,77
1761988543.123938,77
1761988543.230312,77
1761988543.335865,78
1761988543.442078,78
1761988543.549265,79
1761988543.655191,79
1761988543.761909,79
1761988543.866459,79
1761988543.973811,79
1761988544.080533,86
1761988544.186539,86
1761988544.293914,86
1761988544.399706,86
1761988544.505894,86
1761988544.611777,86
1761988544.725778,86
1761988544.833241,86
1761988544.939733,86
1761988545.046619,85
1761988545.153321,81
1761988545.261313,79
1761988545.373254,79
1761988545.479377,79
1761988545.586831,80
1761988545.693193,80
1761988545.799914,80
1761988545.906167,81
1761988546.012116,80
1761988546.118030,81
1761988546.224507,80
1761988546.330816,78
1761988546.437056,78
1761988546.542844,78
1761988546.650195,78
1761988546.755603,78
1761988546.861664,78
1761988546.967583,78
1761988547.073758,78
1761988547.179073,77
1761988547.286829,79
1761988547.394449,77
1761988547.501658,78
1761988547.608882,78
1761988547.716212,78
1761988547.822434,79
1761988547.928504,78
1761988548.036569,78
1761988548.143930,79
1761988548.249756,80
1761988548.355470,80
1761988548.460072,80
1761988548.568547,80
1761988548.675529,80
1761988548.781596,80
1761988548.886160,80
1761988548.991748,81
1761988549.099265,80
1761988549.206200,80
1761988549.312764,81
1761988549.419602,87
1761988549.525308,88
1761988549.631888,87
1761988549.737834,88
1761988549.844696,87
1761988549.952092,87
1761988550.057675,87
1761988550.163370,87
1761988550.270960,87
1761988550.377112,86
1761988550.483876,84
1761988550.590291,81
1761988550.695844,80
1761988550.806820,79
1761988550.915019,80
1761988551.021704,80
1761988551.127469,80
1761988551.234447,80
1761988551.343321,81
1761988551.449710,81
1761988551.556213,81
1761988551.662374,81
1761988551.769256,79
1761988551.874628,79
1761988551.981328,79
1761988552.086895,79
1761988552.194265,79
1761988552.300271,79
1761988552.408715,79
1761988552.515492,79
1761988552.621704,79
1761988552.728209,79
1761988552.835328,80
1761988552.941084,80
1761988553.048744,80
1761988553.155953,80
1761988553.261875,80
1761988553.367218,81
1761988553.473767,80
1761988553.579889,82
1761988553.686656,81
1761988553.792795,82
1761988553.899165,81
1761988554.005918,81
1761988554.112513,81
1761988554.218211,81
1761988554.324567,81
1761988554.430615,81
1761988554.537139,81
1761988554.644351,82
1761988554.751307,88
1761988554.856136,88
1761988554.962314,88
1761988555.069639,88
1761988555.177656,88
1761988555.284503,89
1761988555.390321,89
1761988555.496237,90
1761988555.602107,89
1761988555.709288,87
1761988555.815059,87
1761988555.920493,84
1761988556.025775,83
1761988556.135785,82
1761988556.241266,82
1761988556.349180,82
1761988556.455446,82
1761988556.561379,83
1761988556.667470,82
1761988556.774684,81
1761988556.883435,80
1761988556.990862,81
1761988557.096082,80
1761988557.202268,80
1761988557.307616,80
1761988557.415366,80
1761988557.522421,81
1761988557.627487,82
1761988557.733623,82
1761988557.839630,82
1761988557.946052,81
1761988558.052506,82
1761988558.157598,81
1761988558.265511,81
1761988558.371476,81
1761988558.477979,82
1761988558.584512,81
1761988558.691686,81
1761988558.798932,81
1761988558.905308,81
1761988559.012146,82
1761988559.118442,82
1761988559.224267,83
1761988559.330242,82
1761988559.435840,83
1761988559.542650,82
1761988559.649812,83
1761988559.755207,83
1761988559.862102,83
1761988559.967506,83
1761988560.073860,84
1761988560.179312,90
1761988560.285233,89
1761988560.391155,90
1761988560.498210,89
1761988560.604499,90
1761988560.710439,89
1761988560.818884,89
1761988560.925505,89
1761988561.031373,89
1761988561.138938,88
1761988561.246306,88
1761988561.351785,84
1761988561.457234,83
1761988561.568036,83
1761988561.674267,83
1761988561.779595,83
1761988561.886035,83
1761988561.992527,83
1761988562.098478,83
1761988562.205557,84
1761988562.311984,84
1761988562.419266,84
1761988562.525828,84
1761988562.631679,82
1761988562.738987,82
1761988562.844491,82
1761988562.955233,81
1761988563.061677,82
1761988563.168060,82
1761988563.275633,82
1761988563.382268,83
1761988563.487490,83
1761988563.593496,83
1761988563.698958,83
1761988563.805778,83
1761988563.910654,84
1761988564.017688,83
1761988564.123803,83
1761988564.229077,83
1761988564.335865,82
1761988564.441823,84
1761988564.548514,83
1761988564.655047,83
1761988564.762252,83
1761988564.867736,84
1761988564.974609,83
1761988565.079981,84
1761988565.186960,83
1761988565.294340,83
1761988565.399623,83
1761988565.506704,86
1761988565.612711,87
1761988565.718821,87
1761988565.824997,87
1761988565.931306,87
1761988566.036605,87
1761988566.142457,87
1761988566.249934,87
1761988566.355574,87
1761988566.462072,86
1761988566.568770,85
1761988566.675786,84
1761988566.783008,82
1761988566.891366,83
1761988567.000343,83
1761988567.106837,84
1761988567.212056,84
1761988567.318107,84
1761988567.425773,85
1761988567.532168,86
1761988567.638503,85
1761988567.744040,86
1761988567.850388,85
1761988567.957245,85
1761988568.062801,86
1761988568.169257,86
1761988568.275628,86
1761988568.381428,86
1761988568.488116,86
1761988568.594748,86
1761988568.699889,86
1761988568.806869,86
1761988568.912771,86
1761988569.019889,86
1761988569.127230,85
1761988569.233261,86
1761988569.339411,86
1761988569.446584,86
1761988569.555581,86
1761988569.662643,85
1761988569.769202,86
1761988569.874446,85
1761988569.982413,85
1761988570.090851,85
1761988570.197431,85
1761988570.306245,85
1761988570.413009,85
1761988570.520711,84
1761988570.628084,85
1761988570.733927,85
1761988570.840953,85
1761988570.949052,85
1761988571.054368,85
1761988571.160477,85
1761988571.266855,85
1761988571.373685,85
1761988571.478818,85
1761988571.584804,86
1761988571.691246,84
1761988571.798972,83
1761988571.904504,84
1761988572.010647,84
1761988572.118687,84
1761988572.225773,84
1761988572.331183,85
1761988572.438199,84
1761988572.545633,84
1761988572.651611,84
1761988572.758218,84
1761988572.864511,84
1761988572.970403,84
1761988573.077406,84
1761988573.183219,84
1761988573.290105,86
1761988573.395559,84
1761988573.501669,87
1761988573.608070,86
1761988573.714107,86
1761988573.821352,86
1761988573.927268,86
1761988574.034082,86
1761988574.140350,86
1761988574.246445,86
1761988574.354587,86
1761988574.461120,87
1761988574.566298,87
1761988574.673286,86
1761988574.779722,93
1761988574.886730,93
1761988574.992884,93
1761988575.100289,92
1761988575.206075,94
1761988575.311818,92
1761988575.419338,92
1761988575.526052,92
1761988575.635723,92
1761988575.743446,91
1761988575.849677,91
1761988575.955673,86
1761988576.063353,86
1761988576.170837,86
1761988576.277247,86
1761988576.383455,87
1761988576.490548,87
1761988576.597433,86
1761988576.703405,86
1761988576.809697,86
1761988576.915660,86
1761988577.021705,87
1761988577.129468,87
1761988577.234946,86
1761988577.341246,86
1761988577.447433,86
1761988577.553270,87
1761988577.659391,86
1761988577.765296,87
1761988577.870769,86
1761988577.976545,86
1761988578.083522,85
1761988578.195787,86
1761988578.303805,86
1761988578.410990,86
1761988578.517233,86
1761988578.623556,86
1761988578.730154,86
1761988578.835498,86
1761988578.941683,86
1761988579.047890,88
1761988579.153441,87
1761988579.260347,87
1761988579.366127,87
1761988579.472238,87
1761988579.577728,87
1761988579.683885,87
1761988579.790114,87
1761988579.895391,87
1761988580.001714,89
1761988580.107227,89
1761988580.213637,88
1761988580.319981,90
1761988580.425773,90
1761988580.530871,90
1761988580.638110,90
1761988580.745249,90
1761988580.851811,90
1761988580.957768,90
1761988581.064038,90
1761988581.170011,90
1761988581.276507,88
1761988581.382849,88
1761988581.489233,87
1761988581.595256,87
1761988581.701850,87
1761988581.807591,87
1761988581.914347,87
1761988582.020320,89
1761988582.126856,88
1761988582.234472,87
1761988582.340782,89
1761988582.447432,88
1761988582.553768,88
1761988582.660086,88
1761988582.765941,89
1761988582.871537,89
1761988582.977235,89
1761988583.084747,89
1761988583.191387,89
1761988583.295926,89
1761988583.402172,89
1761988583.507532,89
1761988583.614202,89
1761988583.719513,89
1761988583.825780,89
1761988583.931591,89
1761988584.038726,89
1761988584.161582,90
1761988584.269281,90
1761988584.376957,90
1761988584.483901,90
1761988584.590149,90
1761988584.697292,90
1761988584.804022,90
1761988584.910091,90
1761988585.015790,89
1761988585.121453,90
1761988585.227536,89
1761988585.333761,88
1761988585.439318,88
1761988585.545281,88
1761988585.651548,88
1761988585.758899,88
1761988585.864502,88
1761988585.971152,89
1761988586.077238,89
1761988586.183240,89
1761988586.289003,89
1761988586.394173,89
1761988586.499942,87
1761988586.606131,87
1761988586.713136,87
1761988586.819996,87
1761988586.925773,87
1761988587.033071,87
1761988587.139325,88
1761988587.245236,88
1761988587.351892,88
1761988587.459031,88
1761988587.564291,88
1761988587.671521,88
1761988587.777624,88
1761988587.883453,89
1761988587.989649,89
1761988588.096173,89
1761988588.202751,88
1761988588.309179,90
1761988588.415510,90
1761988588.522495,90
1761988588.628953,89
1761988588.736222,89
1761988588.842860,89
1761988588.949172,89
1761988589.054956,89
1761988589.161556,89
1761988589.267403,89
1761988589.375541,90
1761988589.482325,90
1761988589.587765,96
1761988589.694364,96
1761988589.799236,96
1761988589.906334,97
1761988590.013304,97
1761988590.118756,97
1761988590.230984,95
1761988590.338758,97
1761988590.445024,96
1761988590.550825,95
1761988590.657682,95
1761988590.762422,95
1761988590.869343,92
1761988590.976487,90
1761988591.083148,90
1761988591.188493,90
1761988591.294688,90
1761988591.399787,90
1761988591.508036,89
1761988591.614043,89
1761988591.720508,89
1761988591.826594,90
1761988591.933082,90
1761988592.038663,90
1761988592.145660,89
1761988592.252516,90
1761988592.358253,90
1761988592.465278,89
1761988592.572527,89
1761988592.678171,89
1761988592.784156,89
1761988592.890136,89
1761988592.995882,89
1761988593.101245,89
1761988593.209251,89
1761988593.315741,89
1761988593.423233,89
1761988593.530107,89
1761988593.635414,89
1761988593.742109,89
1761988593.847432,90
1761988593.955752,92
1761988594.062075,91
1761988594.168988,91
1761988594.275667,91
1761988594.381593,91
1761988594.487854,91
1761988594.593236,91
1761988594.700769,91
1761988594.808553,90
1761988594.915439,91
1761988595.021710,91
1761988595.127939,91
1761988595.234148,97
1761988595.339873,97
1761988595.446284,97
1761988595.553866,97
1761988595.659432,98
1761988595.765962,98
1761988595.871457,99
1761988595.978151,98
1761988596.084349,98
1761988596.189980,97
1761988596.297430,97
1761988596.404102,97
1761988596.509768,94
1761988596.615693,91
1761988596.721705,91
1761988596.829739,91
1761988596.936507,91
1761988597.042556,91
1761988597.148544,92
1761988597.254738,91
1761988597.362256,91
1761988597.467773,92
1761988597.573792,92
1761988597.679864,93
1761988597.785695,92
1761988597.892557,91
1761988597.999259,91
1761988598.104321,91
1761988598.210118,91
1761988598.317377,92
1761988598.424572,91
1761988598.531058,90
1761988598.636547,90
1761988598.743280,90
1761988598.850742,91
1761988598.958343,90
1761988599.063613,91
1761988599.170425,90
1761988599.305839,89
1761988599.413334,90
1761988599.519653,91
1761988599.626421,92
1761988599.732507,93
1761988599.838669,92
1761988599.945939,92
1761988600.052016,92
1761988600.157703,92
1761988600.263284,92
1761988600.369266,92
1761988600.475318,92
1761988600.581267,92
1761988600.687295,93
1761988600.792785,92
1761988600.898466,99
1761988601.004140,98
1761988601.109866,98
1761988601.216547,98
1761988601.322474,98
1761988601.430073,98
1761988601.537006,98
1761988601.642336,98
1761988601.748200,98
1761988601.854052,98
1761988601.961726,98
1761988602.067114,98
1761988602.174259,96
1761988602.280554,92
1761988602.387226,92
1761988602.493723,92
1761988602.599142,92
1761988602.706545,92
1761988602.813140,94
1761988602.918955,93
1761988603.026576,93
1761988603.132233,93
1761988603.237694,93
1761988603.344081,93
1761988603.449781,93
1761988603.555925,91
1761988603.662544,91
1761988603.768137,91
1761988603.874654,91
1761988603.979929,91
1761988604.089065,91
1761988604.196087,91
1761988604.302079,91
1761988604.407526,92
1761988604.515154,92
1761988604.622262,92
1761988604.729132,92
1761988604.834221,92
1761988604.940762,92
1761988605.046454,92
1761988605.152535,92
1761988605.257739,92
1761988605.366355,93
1761988605.472287,93
1761988605.579905,93
1761988605.687773,92
1761988605.793966,93
1761988605.900499,92
1761988606.006756,93
1761988606.112505,92
1761988606.218048,92
1761988606.322981,93
1761988606.430278,93
1761988606.537778,93
1761988606.644043,99
1761988606.750723,98
1761988606.857087,98
1761988606.964313,99
1761988607.069864,99
1761988607.175082,99
1761988607.281100,99
1761988607.387208,99
1761988607.494320,99
1761988607.599578,98
1761988607.705831,98
1761988607.811351,98
1761988607.918555,96
1761988608.024519,92
1761988608.131282,93
1761988608.237662,92
1761988608.343938,92
1761988608.449863,92
1761988608.555845,92
1761988608.661916,92
1761988608.767920,92
1761988608.875020,92
1761988608.981893,92
1761988609.087668,93
1761988609.194532,92
1761988609.300503,89
1761988609.406457,83
1761988609.513070,75
1761988609.619247,67
1761988609.724778,59
1761988609.833505,51
1761988609.942715,44
1761988610.048549,45
1761988610.156334,45
1761988610.265424,45
1761988610.372511,45
1761988610.478679,45
1761988610.584896,45
1761988610.691554,45
1761988610.796402,45
1761988610.902778,45
1761988611.009220,46
1761988611.115476,46
1761988611.222352,47
1761988611.327681,47
1761988611.434518,47
1761988611.541239,47
1761988611.646534,46
1761988611.752959,53
1761988611.859371,53
1761988611.965579,55
1761988612.073112,53
1761988612.179597,53
1761988612.285466,53
1761988612.390380,48
1761988612.497272,48
1761988612.602183,48
1761988612.707473,48
1761988612.813565,48
1761988612.919526,48
1761988613.025779,48
1761988613.131990,46
1761988613.238816,46
1761988613.343891,46
1761988613.450717,47
1761988613.558012,47
1761988613.663358,47
1761988613.769659,47
1761988613.875777,48
1761988613.982571,47
1761988614.089717,47
1761988614.195563,47
1761988614.303276,47
1761988614.410325,47
1761988614.517319,46
1761988614.623808,46
1761988614.730508,46
1761988614.835818,47
1761988614.943003,47
1761988615.050112,47
1761988615.155725,47
1761988615.261887,47
1761988615.370497,48
1761988615.475724,48
1761988615.582340,49
1761988615.687782,49
1761988615.795261,49
1761988615.902042,49
1761988616.008097,49
1761988616.114451,48
1761988616.221254,55
1761988616.326808,55
1761988616.435053,55
1761988616.541506,55
1761988616.648195,55
1761988616.753409,55
1761988616.859901,51
1761988616.965828,49
1761988617.071724,49
1761988617.178239,49
1761988617.283673,49
1761988617.389883,49
1761988617.497430,49
1761988617.604941,47
1761988617.710185,48
1761988617.815961,48
1761988617.922431,48
1761988618.027991,48
1761988618.133845,48
1761988618.240366,48
1761988618.346710,48
1761988618.452544,48
1761988618.558262,49
1761988618.663478,49
1761988618.769715,49
1761988618.875773,49
1761988618.981915,49
1761988619.087478,49
1761988619.193020,49
1761988619.299660,49
1761988619.406421,49
1761988619.512232,49
1761988619.618170,49
1761988619.724078,49
1761988619.830925,49
1761988619.937044,50
1761988620.042868,50
1761988620.149104,50
1761988620.253912,50
1761988620.359788,50
1761988620.465831,50
1761988620.571316,51
1761988620.678029,57
1761988620.783458,57
1761988620.889502,57
1761988620.996232,58
1761988621.102201,57
1761988621.208502,57
1761988621.314136,57
1761988621.420390,51
1761988621.527085,51
1761988621.632490,51
1761988621.739722,51
1761988621.847436,51
1761988621.955189,51
1761988622.061357,52
1761988622.167560,50
1761988622.274104,50
1761988622.379633,50
1761988622.486451,49
1761988622.593509,51
1761988622.698958,50
1761988622.805269,50
1761988622.912234,50
1761988623.017954,50
1761988623.125360,50
1761988623.233658,50
1761988623.340331,50
1761988623.445884,50
1761988623.556043,49
1761988623.662236,51
1761988623.768098,51
1761988623.873697,51
1761988623.980315,51
1761988624.086458,51
1761988624.191613,51
1761988624.298050,51
1761988624.403739,52
1761988624.511338,53
1761988624.618406,53
1761988624.724458,53
1761988624.830423,52
1761988624.937088,52
1761988625.042979,52
1761988625.149883,52
1761988625.256049,58
1761988625.361701,58
1761988625.467683,58
1761988625.573704,58
1761988625.679400,58
1761988625.786437,58
1761988625.891533,58
1761988625.998099,54
1761988626.104155,52
1761988626.210051,53
1761988626.316343,52
1761988626.422029,53
1761988626.528762,52
1761988626.637083,53
1761988626.743191,54
1761988626.849702,52
1761988626.955529,52
1761988627.060082,52
1761988627.167895,52
1761988627.273747,52
1761988627.380033,53
1761988627.485969,52
1761988627.592504,52
1761988627.698218,52
1761988627.805095,52
1761988627.911380,52
1761988628.018218,52
1761988628.125317,52
1761988628.230528,52
1761988628.336207,52
1761988628.442098,52
1761988628.547844,52
1761988628.654587,52
1761988628.761918,53
1761988628.868013,53
1761988628.975159,53
1761988629.082068,54
1761988629.187779,54
1761988629.293184,54
1761988629.399627,53
1761988629.505328,53
1761988629.613171,52
1761988629.719413,54
1761988629.825684,60
1761988629.931672,60
1761988630.037269,60
1761988630.144309,60
1761988630.249909,60
1761988630.356172,60
1761988630.465589,60
1761988630.572509,61
1761988630.677892,55
1761988630.785141,55
1761988630.890434,55
1761988630.996692,55
1761988631.102967,55
1761988631.209516,55
1761988631.316051,55
1761988631.421713,54
1761988631.528521,54
1761988631.634114,54
1761988631.740856,54
1761988631.847439,53
1761988631.953362,54
1761988632.060621,53
1761988632.166975,53
1761988632.272509,53
1761988632.378532,53
1761988632.483666,53
1761988632.590621,53
1761988632.698195,54
1761988632.804505,54
1761988632.909857,54
1761988633.015050,55
1761988633.120987,55
1761988633.227157,55
1761988633.334219,55
1761988633.439689,55
1761988633.545988,55
1761988633.654750,55
1761988633.759907,56
1761988633.867440,56
1761988633.974794,55
1761988634.081389,55
1761988634.186957,55
1761988634.293808,55
1761988634.400305,55
1761988634.506142,61
1761988634.612136,61
1761988634.717831,61
1761988634.824677,61
1761988634.931733,61
1761988635.036907,61
1761988635.144505,61
1761988635.251843,62
1761988635.358478,56
1761988635.465399,56
1761988635.571545,56
1761988635.679579,56
1761988635.787604,56
1761988635.894533,56
1761988636.000780,56
1761988636.106669,56
1761988636.213001,55
1761988636.318626,55
1761988636.424762,56
1761988636.531580,55
1761988636.638401,56
1761988636.744549,55
1761988636.850572,56
1761988636.957645,55
1761988637.064599,55
1761988637.171579,55
1761988637.277534,55
1761988637.383742,55
1761988637.491160,55
1761988637.600564,55
1761988637.706428,55
1761988637.812581,56
1761988637.918227,56
1761988638.024512,56
1761988638.130746,56
1761988638.237250,56
1761988638.341877,56
1761988638.447431,57
1761988638.554825,58
1761988638.662540,57
1761988638.771097,57
1761988638.877703,57
1761988638.983447,57
1761988639.089517,58
1761988639.195530,63
1761988639.301729,64
1761988639.408185,63
1761988639.515078,63
1761988639.621145,64
1761988639.727426,64
1761988639.833822,64
1761988639.939838,63
1761988640.046113,58
1761988640.152501,58
1761988640.258862,58
1761988640.365688,59
1761988640.471276,58
1761988640.577215,59
1761988640.682619,58
1761988640.788476,58
1761988640.894216,56
1761988641.000306,58
1761988641.106150,57
1761988641.212694,57
1761988641.318630,57
1761988641.425494,57
1761988641.531632,57
1761988641.637261,57
1761988641.742525,57
1761988641.848239,57
1761988641.954171,57
1761988642.059748,57
1761988642.166582,57
1761988642.272506,57
1761988642.379227,58
1761988642.487400,57
1761988642.594706,57
1761988642.701554,57
1761988642.806843,57
1761988642.913244,57
1761988643.019273,58
1761988643.125778,60
1761988643.231891,59
1761988643.337463,60
1761988643.443998,59
1761988643.550794,59
1761988643.656208,59
1761988643.762755,59
1761988643.869229,59
1761988643.975825,65
1761988644.083078,65
1761988644.191856,65
1761988644.299131,65
1761988644.405644,65
1761988644.512167,65
1761988644.618612,65
1761988644.725774,65
1761988644.833512,60
1761988644.939636,60
1761988645.045223,59
1761988645.151800,60
1761988645.259079,60
1761988645.366362,60
1761988645.471745,60
1761988645.578888,60
1761988645.684309,58
1761988645.790384,58
1761988645.895596,58
1761988646.001934,58
1761988646.108035,59
1761988646.213941,58
1761988646.321039,58
1761988646.426296,58
1761988646.532857,59
1761988646.639212,59
1761988646.745654,59
1761988646.851349,59
1761988646.957445,59
1761988647.063615,59
1761988647.170065,59
1761988647.275810,60
1761988647.383281,60
1761988647.489797,60
1761988647.597193,60
1761988647.702800,59
1761988647.810308,60
1761988647.917115,60
1761988648.023432,61
1761988648.129522,60
1761988648.235389,60
1761988648.341135,60
1761988648.449982,60
1761988648.555805,60
1761988648.662531,60
1761988648.768821,66
1761988648.875545,66
1761988648.982650,65
1761988649.089342,66
1761988649.195861,67
1761988649.301969,67
1761988649.408043,67
1761988649.515512,67
1761988649.623432,64
1761988649.729438,61
1761988649.835468,62
1761988649.941611,61
1761988650.047419,62
1761988650.153589,62
1761988650.260264,62
1761988650.366558,62
1761988650.472298,62
1761988650.579118,60
1761988650.685519,60
1761988650.793398,60
1761988650.900504,60
1761988651.006882,60
1761988651.112016,60
1761988651.219063,61
1761988651.325772,61
1761988651.431158,61
1761988651.537111,61
1761988651.643473,61
1761988651.749688,61
1761988651.855764,61
1761988651.964515,60
1761988652.071775,60
1761988652.178412,60
1761988652.284332,60
1761988652.391481,60
1761988652.497434,61
1761988652.605330,60
1761988652.712193,61
1761988652.818389,61
1761988652.923545,61
1761988653.029733,62
1761988653.134602,62
1761988653.241876,62
1761988653.348083,62
1761988653.455819,63
1761988653.565857,61
1761988653.671608,69
1761988653.778511,69
1761988653.884994,68
1761988653.991238,69
1761988654.097279,68
1761988654.203380,69
1761988654.309247,68
1761988654.415579,68
1761988654.521196,64
1761988654.626980,63
1761988654.733137,64
1761988654.839243,63
1761988654.946347,63
1761988655.052502,63
1761988655.158044,63
1761988655.263634,64
1761988655.370497,63
1761988655.476249,62
1761988655.582269,62
1761988655.688623,62
1761988655.795262,62
1761988655.901341,62
1761988656.007054,62
1761988656.113948,62
1761988656.220536,62
1761988656.326548,61
1761988656.431523,62
1761988656.537930,61
1761988656.643710,62
1761988656.750449,61
1761988656.864147,61
1761988656.971482,61
1761988657.077993,61
1761988657.184149,62
1761988657.290197,62
1761988657.396317,62
1761988657.506245,63
1761988657.612307,64
1761988657.718294,64
1761988657.825773,64
1761988657.931585,64
1761988658.037778,64
1761988658.143542,64
1761988658.248794,64
1761988658.355100,64
1761988658.459884,70
1761988658.566898,70
1761988658.673984,70
1761988658.779901,70
1761988658.886187,70
1761988658.992993,70
1761988659.100100,70
1761988659.206166,70
1761988659.312631,69
1761988659.418712,63
1761988659.524299,64
1761988659.631382,64
1761988659.737395,64
1761988659.843881,64
1761988659.950485,64
1761988660.056512,64
1761988660.162691,64
1761988660.269694,64
1761988660.377718,63
1761988660.483033,63
1761988660.589318,63
1761988660.695780,63
1761988660.802177,63
1761988660.907453,63
1761988661.013343,64
1761988661.121295,64
1761988661.227911,64
1761988661.334470,64
1761988661.439801,64
1761988661.545964,64
1761988661.653145,64
1761988661.758861,64
1761988661.865245,64
1761988661.971020,64
1761988662.077674,64
1761988662.184119,63
1761988662.289646,65
1761988662.396120,64
1761988662.502308,66
1761988662.609253,65
1761988662.715585,65
1761988662.821621,65
1761988662.930258,65
1761988663.036500,65
1761988663.142066,65
1761988663.248507,66
1761988663.354731,64
1761988663.461654,71
1761988663.566613,71
1761988663.674365,71
1761988663.779426,71
1761988663.886141,71
1761988663.991934,71
1761988664.097495,70
1761988664.204501,71
1761988664.310382,70
1761988664.417174,66
1761988664.522434,66
1761988664.629022,66
1761988664.735744,66
1761988664.843055,67
1761988664.949255,67
1761988665.055422,67
1761988665.162913,66
1761988665.270784,67
1761988665.379744,65
1761988665.486266,65
1761988665.591675,65
1761988665.698054,65
1761988665.804182,65
1761988665.910382,65
1761988666.016032,65
1761988666.121334,65
1761988666.227923,66
1761988666.334391,66
1761988666.439533,66
1761988666.545988,65
1761988666.651557,65
1761988666.757870,65
1761988666.865139,65
1761988666.971568,65
1761988667.077874,65
1761988667.185122,65
1761988667.290151,65
1761988667.396712,66
1761988667.505021,66
1761988667.610486,67
1761988667.716052,66
1761988667.821383,67
1761988667.928327,66
1761988668.035512,66
1761988668.142321,66
1761988668.248008,67
1761988668.354586,73
1761988668.460994,72
1761988668.567745,73
1761988668.673478,73
1761988668.781896,73
1761988668.888262,73
1761988668.994907,73
1761988669.103210,73
1761988669.209761,73
1761988669.315316,70
1761988669.420793,68
1761988669.531293,67
1761988669.637605,68
1761988669.743686,68
1761988669.850391,67
1761988669.955997,67
1761988670.062222,67
1761988670.168119,68
1761988670.275091,67
1761988670.380725,67
1761988670.487363,67
1761988670.594403,67
1761988670.700133,67
1761988670.806814,66
1761988670.914517,67
1761988671.021387,66
1761988671.126568,66
1761988671.233804,66
1761988671.340506,66
1761988671.447338,66
1761988671.554175,66
1761988671.659925,66
1761988671.765974,66
1761988671.872311,66
1761988672.001253,66
1761988672.110253,67
1761988672.215594,67
1761988672.323293,67
1761988672.430529,67
1761988672.535395,67
1761988672.642310,68
1761988672.750003,68
1761988672.856006,68
1761988672.962225,68
1761988673.068519,68
1761988673.175103,69
1761988673.281214,68
1761988673.387547,74
1761988673.493858,74
1761988673.599588,74
1761988673.705205,74
1761988673.812067,74
1761988673.919635,74
1761988674.025772,75
1761988674.133018,76
1761988674.240311,75
1761988674.347433,72
1761988674.455616,69
1761988674.563550,69
1761988674.670795,69
1761988674.776985,69
1761988674.882979,69
1761988674.990417,69
1761988675.097209,69
1761988675.203087,69
1761988675.309698,69
1761988675.416225,67
1761988675.522236,68
1761988675.628503,67
1761988675.734144,68
1761988675.840499,67
1761988675.946545,67
1761988676.052062,67
1761988676.158234,68
1761988676.263404,68
1761988676.371596,68
1761988676.479004,68
1761988676.584496,69
1761988676.689773,69
1761988676.795632,69
1761988676.902042,69
1761988677.008519,68
1761988677.114969,68
1761988677.220488,68
1761988677.326614,68
1761988677.432278,69
1761988677.538392,69
1761988677.644014,69
1761988677.751105,69
1761988677.858933,69
1761988677.965288,69
1761988678.077402,69
1761988678.183622,70
1761988678.291862,70
1761988678.398269,69
1761988678.503313,77
1761988678.610556,77
1761988678.716508,77
1761988678.823111,77
1761988678.929601,77
1761988679.036550,76
1761988679.142550,78
1761988679.248243,76
1761988679.353492,76
1761988679.459844,70
1761988679.566140,70
1761988679.671378,70
1761988679.777934,70
1761988679.882852,70
1761988679.989897,70
1761988680.096201,70
1761988680.202518,70
1761988680.309098,71
1761988680.414558,71
1761988680.521264,69
1761988680.627059,69
1761988680.733677,70
1761988680.839625,70
1761988680.946314,70
1761988681.051666,70
1761988681.159557,70
1761988681.266636,70
1761988681.372546,70
1761988681.478684,69
1761988681.584869,69
1761988681.691529,70
1761988681.798881,70
1761988681.905802,69
1761988682.012351,69
1761988682.117921,69
1761988682.223751,69
1761988682.329133,69
1761988682.435365,69
1761988682.541960,70
1761988682.649813,70
1761988682.755296,70
1761988682.862871,70
1761988682.969723,71
1761988683.075344,71
1761988683.181869,71
1761988683.287663,71
1761988683.394413,71
1761988683.501995,71
1761988683.607448,78
1761988683.713491,78
1761988683.819589,78
1761988683.924738,78
1761988684.030391,78
1761988684.139158,78
1761988684.246207,78
1761988684.353308,78
1761988684.460799,78
1761988684.567721,71
1761988684.675590,71
1761988684.781885,72
1761988684.887287,72
1761988684.993813,72
1761988685.099509,72
1761988685.205702,72
1761988685.311722,72
1761988685.417514,72
1761988685.523266,72
1761988685.631159,71
1761988685.737925,71
1761988685.844489,71
1761988685.950239,72
1761988686.057245,71
1761988686.162841,71
1761988686.268492,71
1761988686.376306,71
1761988686.482773,71
1761988686.588532,71
1761988686.694761,71
1761988686.800310,71
1761988686.905826,71
1761988687.012180,71
1761988687.118696,72
1761988687.225082,71
1761988687.331310,70
1761988687.437443,70
1761988687.544073,70
1761988687.651703,72
1761988687.759265,72
1761988687.865403,73
1761988687.971693,72
1761988688.078515,72
1761988688.185490,72
1761988688.291825,72
1761988688.400503,72
1761988688.508219,72
1761988688.614802,72
1761988688.719626,79
1761988688.827424,79
1761988688.933771,80
1761988689.038716,80
1761988689.145760,80
1761988689.250752,79
1761988689.358048,80
1761988689.465357,80
1761988689.571709,80
1761988689.677160,77
1761988689.783346,74
1761988689.890236,74
1761988689.997135,74
1761988690.104246,74
1761988690.209732,74
1761988690.316506,74
1761988690.422404,74
1761988690.527240,74
1761988690.634098,74
1761988690.740108,72
1761988690.846041,72
1761988690.954026,72
1761988691.061641,72
1761988691.168252,72
1761988691.273908,72
1761988691.381256,72
1761988691.487238,72
1761988691.594122,73
1761988691.700780,73
1761988691.807210,72
1761988691.913265,72
1761988692.019792,72
1761988692.126499,72
1761988692.231799,72
1761988692.338111,72
1761988692.442743,72
1761988692.549001,72
1761988692.655380,72
1761988692.761237,73
1761988692.886405,73
1761988692.993331,73
1761988693.099507,73
1761988693.216178,75
1761988693.323640,74
1761988693.429873,74
1761988693.535765,74
1761988693.641864,74
1761988693.749703,75
1761988693.854738,81
1761988693.962280,81
1761988694.068121,81
1761988694.173692,81
1761988694.280161,81
1761988694.386307,82
1761988694.491941,81
1761988694.598906,81
1761988694.705204,81
1761988694.812746,79
1761988694.919329,74
1761988695.025346,74
1761988695.131360,74
1761988695.238035,75
1761988695.344065,75
1761988695.449836,75
1761988695.555869,75
1761988695.661480,75
1761988695.768175,75
1761988695.873839,76
1761988695.980258,73
1761988696.085661,73
1761988696.192225,73
1761988696.299549,73
1761988696.406191,73
1761988696.513332,73
1761988696.619122,73
1761988696.725587,73
1761988696.830930,73
1761988696.937797,73
1761988697.044313,73
1761988697.150574,73
1761988697.257873,73
1761988697.363659,74
1761988697.469510,74
1761988697.575833,75
1761988697.683309,75
1761988697.788803,75
1761988697.900002,74
1761988698.005394,75
1761988698.112284,75
1761988698.218857,75
1761988698.325332,76
1761988698.432523,75
1761988698.538578,75
1761988698.643655,75
1761988698.750290,75
1761988698.856613,75
1761988698.962633,76
1761988699.068668,82
1761988699.174533,82
1761988699.282834,83
1761988699.390668,83
1761988699.497431,83
1761988699.602649,83
1761988699.709724,83
1761988699.815832,83
1761988699.921338,83
1761988700.028004,82
1761988700.134677,76
1761988700.239444,76
1761988700.345955,76
1761988700.452217,76
1761988700.558542,76
1761988700.665084,76
1761988700.771177,77
1761988700.877268,76
1761988700.982163,77
1761988701.089223,76
1761988701.195953,74
1761988701.302478,75
1761988701.408542,75
1761988701.515893,75
1761988701.621704,75
1761988701.727990,75
1761988701.835217,75
1761988701.942425,75
1761988702.047432,76
1761988702.154353,75
1761988702.261042,75
1761988702.367943,75
1761988702.473866,75
1761988702.581787,75
1761988702.687604,76
1761988702.793483,75
1761988702.899864,75
1761988703.007132,75
1761988703.113849,75
1761988703.219210,76
1761988703.325425,77
1761988703.432293,77
1761988703.537895,77
1761988703.642863,77
1761988703.749955,77
1761988703.856098,78
1761988703.961853,77
1761988704.069038,77
1761988704.175177,78
1761988704.282650,83
1761988704.387944,84
1761988704.493697,83
1761988704.602295,84
1761988704.709135,83
1761988704.815297,83
1761988704.920491,83
1761988705.027029,83
1761988705.133229,83
1761988705.239523,82
1761988705.346703,79
1761988705.453695,78
1761988705.560036,77
1761988705.666080,77
1761988705.772520,77
1761988705.878463,78
1761988705.985159,77
1761988706.090285,78
1761988706.196600,77
1761988706.302966,77
1761988706.408505,78
1761988706.515177,76
1761988706.620490,76
1761988706.727136,76
1761988706.833952,76
1761988706.939446,76
1761988707.046440,76
1761988707.152504,76
1761988707.257696,76
1761988707.367994,76
1761988707.474823,76
1761988707.582574,77
1761988707.687590,77
1761988707.794786,78
1761988707.901562,77
1761988708.008503,77
1761988708.114081,77
1761988708.220129,77
1761988708.327595,77
1761988708.436105,77
1761988708.542286,78
1761988708.648506,78
1761988708.754770,77
1761988708.860588,78
1761988708.967459,77
1761988709.074434,78
1761988709.179915,77
1761988709.286965,77
1761988709.392503,77
1761988709.498517,78
1761988709.606158,84
1761988709.711645,85
1761988709.818065,84
1761988709.924532,84
1761988710.030443,84
1761988710.137196,85
1761988710.243003,85
1761988710.348505,85
1761988710.455506,85
1761988710.562539,84
1761988710.668514,82
1761988710.775398,80
1761988710.881654,78
1761988710.987891,80
1761988711.093784,79
1761988711.200678,79
1761988711.306117,79
1761988711.411852,78
1761988711.517592,79
1761988711.623798,79
1761988711.729786,79
1761988711.836098,77
1761988711.942719,78
1761988712.049706,78
1761988712.154553,78
1761988712.262877,77
1761988712.369334,77
1761988712.475434,77
1761988712.583065,78
1761988712.688943,78
1761988712.795663,78
1761988712.901368,78
1761988713.007341,78
1761988713.112908,78
1761988713.218771,78
1761988713.324094,78
1761988713.430909,78
1761988713.537563,79
1761988713.643243,78
1761988713.750794,78
1761988713.857331,79
1761988713.964206,79
1761988714.070213,79
1761988714.175375,79
1761988714.282136,79
1761988714.391008,78
1761988714.498799,78
1761988714.604504,79
1761988714.709572,79
1761988714.815838,80
1761988714.923127,86
1761988715.028701,86
1761988715.135674,86
1761988715.242717,86
1761988715.348328,86
1761988715.454545,87
1761988715.560544,87
1761988715.666730,87
1761988715.773273,87
1761988715.880259,86
1761988715.985865,85
1761988716.091906,80
1761988716.197431,80
1761988716.305337,80
1761988716.411027,80
1761988716.517084,81
1761988716.623278,81
1761988716.730120,81
1761988716.835064,81
1761988716.941070,81
1761988717.046225,81
1761988717.153264,81
1761988717.257836,79
1761988717.364568,79
1761988717.470459,79
1761988717.576505,79
1761988717.682274,79
1761988717.788298,79
1761988717.894877,79
1761988718.000780,79
1761988718.107718,79
1761988718.213923,79
1761988718.319040,79
1761988718.424401,79
1761988718.532236,79
1761988718.638943,79
1761988718.745628,78
1761988718.852566,80
1761988718.958406,79
1761988719.063960,79
1761988719.171703,80
1761988719.278364,80
1761988719.385708,80
1761988719.491393,80
1761988719.598706,80
1761988719.704691,80
1761988719.809907,80
1761988719.916020,80
1761988720.021704,80
1761988720.127317,82
1761988720.233578,81
1761988720.339481,88
1761988720.454053,88
1761988720.562104,87
1761988720.667772,89
1761988720.773860,88
1761988720.878708,88
1761988720.985540,88
1761988721.090792,88
1761988721.198718,88
1761988721.307013,87
1761988721.413641,85
1761988721.519580,82
1761988721.625603,83
1761988721.731441,82
1761988721.838186,82
1761988721.943446,82
1761988722.050465,81
1761988722.157283,82
1761988722.263214,81
1761988722.369465,81
1761988722.476511,81
1761988722.582101,81
1761988722.687728,80
1761988722.793479,80
1761988722.899417,80
1761988723.005704,80
1761988723.112310,81
1761988723.219305,81
1761988723.325110,81
1761988723.431366,80
1761988723.537125,81
1761988723.642221,80
1761988723.750167,80
1761988723.857257,80
1761988723.962151,80
1761988724.067872,80
1761988724.173804,80
1761988724.280979,80
1761988724.386427,81
1761988724.491876,81
1761988724.598194,81
1761988724.703128,81
1761988724.811329,82
1761988724.917104,82
1761988725.023393,82
1761988725.129853,83
1761988725.235546,83
1761988725.341900,83
1761988725.446736,82
1761988725.552500,85
1761988725.658088,85
1761988725.765526,86
1761988725.872506,85
1761988725.977828,86
1761988726.084961,85
1761988726.191228,85
1761988726.298313,85
1761988726.403630,85
1761988726.512111,85
1761988726.618612,83
1761988726.725143,84
1761988726.833715,82
1761988726.941178,82
1761988727.047303,83
1761988727.154227,83
1761988727.259441,83
1761988727.365245,83
1761988727.470984,83
1761988727.578574,83
1761988727.685873,82
1761988727.791101,82
1761988727.898545,82
1761988728.006156,84
1761988728.112496,83
1761988728.218111,84
1761988728.324592,83
1761988728.430312,84
1761988728.536514,83
1761988728.643663,83
1761988728.750136,83
1761988728.855607,83
1761988728.962042,84
1761988729.068008,84
1761988729.175349,84
1761988729.282146,84
1761988729.387908,85
1761988729.493745,84
1761988729.600065,85
1761988729.705949,85
1761988729.812657,85
1761988729.918811,85
1761988730.025215,85
1761988730.131188,85
1761988730.236864,84
1761988730.342818,85
1761988730.450199,83
1761988730.556199,83
1761988730.666727,83
1761988730.773141,83
1761988730.877998,83
1761988730.985499,83
1761988731.091178,83
1761988731.197652,83
1761988731.305162,84
1761988731.412375,84
1761988731.517865,84
1761988731.624506,83
1761988731.730515,83
1761988731.835688,83
1761988731.941914,83
1761988732.048637,83
1761988732.154922,83
1761988732.261753,83
1761988732.366163,83
1761988732.471531,82
1761988732.582438,82
1761988732.688065,82
1761988732.793802,82
1761988732.899931,82
1761988733.006000,82
1761988733.112502,82
1761988733.219203,83
1761988733.327335,83
1761988733.433267,84
1761988733.539259,84
1761988733.645591,84
1761988733.753143,84
1761988733.859991,84
1761988733.966387,84
1761988734.073854,83
1761988734.180355,84
1761988734.287448,83
1761988734.394735,84
1761988734.503379,85
1761988734.609997,91
1761988734.715803,91
1761988734.821704,91
1761988734.927790,91
1761988735.035107,91
1761988735.141795,92
1761988735.248506,92
1761988735.353861,92
1761988735.460045,92
1761988735.568677,92
1761988735.675560,91
1761988735.782169,89
1761988735.887911,85
1761988735.994537,85
1761988736.102124,85
1761988736.208014,85
1761988736.314219,85
1761988736.419972,86
1761988736.525773,85
1761988736.630713,85
1761988736.738037,85
1761988736.843909,85
1761988736.950444,85
1761988737.056171,84
1761988737.162121,84
1761988737.268684,84
1761988737.377326,84
1761988737.483437,84
1761988737.588878,84
1761988737.695893,84
1761988737.802320,84
1761988737.907465,84
1761988738.014088,84
1761988738.119554,84
1761988738.226282,83
1761988738.332504,84
1761988738.440101,83
1761988738.546185,84
1761988738.654436,82
1761988738.762560,83
1761988738.869351,83
1761988738.976890,84
1761988739.083280,84
1761988739.189734,84
1761988739.296500,85
1761988739.402433,85
1761988739.508493,86
1761988739.615017,86
1761988739.720273,86
1761988739.825780,86
1761988739.931994,88
1761988740.038093,88
1761988740.142525,89
1761988740.249542,89
1761988740.354619,89
1761988740.461161,89
1761988740.566180,89
1761988740.673103,89
1761988740.779563,89
1761988740.885609,90
1761988740.991360,89
1761988741.096711,88
1761988741.204235,87
1761988741.310550,84
1761988741.416591,86
1761988741.523926,85
1761988741.629917,85
1761988741.735489,85
1761988741.843159,85
1761988741.949465,85
1761988742.055042,85
1761988742.161892,85
1761988742.268233,85
1761988742.373682,85
1761988742.480661,85
1761988742.587404,86
1761988742.694315,86
1761988742.802746,87
1761988742.908493,86
1761988743.015465,87
1761988743.122431,87
1761988743.228580,87
1761988743.334282,87
1761988743.441089,87
1761988743.546746,87
1761988743.653454,87
1761988743.758645,87
1761988743.865226,87
1761988743.971251,88
1761988744.077834,87
1761988744.183679,87
1761988744.289950,88
1761988744.398344,88
1761988744.504336,88
1761988744.610208,88
1761988744.723451,87
1761988744.833523,89
1761988744.938712,89
1761988745.044486,87
1761988745.150750,87
1761988745.255911,87
1761988745.362302,87
1761988745.467620,87
1761988745.575380,87
1761988745.681720,87
1761988745.787392,87
1761988745.893182,87
1761988745.999554,87
1761988746.105265,87
1761988746.210611,87
1761988746.315733,86
1761988746.421704,86
1761988746.527516,86
1761988746.634055,86
1761988746.739888,87
1761988746.846262,87
1761988746.950766,87
1761988747.058045,86
1761988747.165208,86
1761988747.271705,86
1761988747.377550,86
1761988747.483905,86
1761988747.589908,86
1761988747.698199,86
1761988747.805248,86
1761988747.912162,86
1761988748.018799,86
1761988748.125577,87
1761988748.231376,87
1761988748.337994,87
1761988748.444617,87
1761988748.550483,87
1761988748.656509,87
1761988748.762933,87
1761988748.869565,87
1761988748.975017,87
1761988749.082159,88
1761988749.189784,88
1761988749.296295,95
1761988749.401706,95
1761988749.509777,95
1761988749.616527,95
1761988749.721704,95
1761988749.829190,95
1761988749.938164,95
1761988750.045880,95
1761988750.152521,95
1761988750.259257,95
1761988750.365906,94
1761988750.471619,94
1761988750.578727,91
1761988750.685043,89
1761988750.800585,88
1761988750.907601,89
1761988751.013491,89
1761988751.120324,89
1761988751.227500,89
1761988751.333726,89
1761988751.440289,89
1761988751.546638,89
1761988751.652506,90
1761988751.758999,89
1761988751.866938,87
1761988751.972353,87
1761988752.078202,87
1761988752.184509,87
1761988752.291230,87
1761988752.397431,87
1761988752.503624,87
1761988752.609920,87
1761988752.717807,88
1761988752.823950,88
1761988752.929587,88
1761988753.035088,87
1761988753.141365,87
1761988753.247390,87
1761988753.352730,87
1761988753.459658,87
1761988753.565817,87
