1761988146.163093,0
1761988146.294244,7
1761988146.414637,16
1761988146.520947,19
1761988146.626592,20
1761988146.733374,19
1761988146.840182,19
1761988146.946527,16
1761988147.054628,19
1761988147.160670,17
1761988147.266537,17
1761988147.374385,19
1761988147.481669,19
1761988147.587545,19
1761988147.694444,9
1761988147.801607,12
1761988147.908502,19
1761988148.014378,15
1761988148.121194,15
1761988148.227429,17
1761988148.334188,16
1761988148.440507,9
1761988148.547262,11
1761988148.654060,10
1761988148.760551,11
1761988148.866168,11
1761988148.972353,10
1761988149.077753,11
1761988149.184080,10
1761988149.289742,11
1761988149.395489,10
1761988149.502356,10
1761988149.608500,10
1761988149.715339,11
1761988149.820984,11
1761988149.927216,11
1761988150.033289,11
1761988150.138171,11
1761988150.252532,12
1761988150.359455,12
1761988150.465175,20
1761988150.571461,18
1761988150.679340,13
1761988150.798393,14
1761988150.910852,12
1761988151.017323,13
1761988151.123998,14
1761988151.230154,13
1761988151.335241,14
1761988151.441154,15
1761988151.547069,15
1761988151.653260,16
1761988151.760732,15
1761988151.867375,14
1761988151.973504,14
1761988152.079903,14
1761988152.186208,14
1761988152.291461,14
1761988152.397431,15
1761988152.503177,15
1761988152.609609,15
1761988152.715853,16
1761988152.822473,15
1761988152.929012,16
1761988153.034294,16
1761988153.140516,15
1761988153.246370,16
1761988153.352167,15
1761988153.458334,16
1761988153.563499,16
1761988153.668789,17
1761988153.775779,17
1761988153.882315,17
1761988153.988124,18
1761988154.095260,18
1761988154.202436,16
1761988154.308722,16
1761988154.415252,15
1761988154.521711,10
1761988154.627497,7
1761988154.733302,8
1761988154.839364,9
1761988154.946418,10
1761988155.053071,10
1761988155.159635,12
1761988155.265347,10
1761988155.371112,10
1761988155.478992,10
1761988155.585933,10
1761988155.690718,11
1761988155.796070,11
1761988155.902224,9
1761988156.009230,9
1761988156.114463,10
1761988156.220247,10
1761988156.327729,10
1761988156.433276,10
1761988156.539466,10
1761988156.645228,10
1761988156.750780,10
1761988156.858767,11
1761988156.965817,12
1761988157.071475,11
1761988157.177779,12
1761988157.284501,12
1761988157.390406,12
1761988157.497326,12
1761988157.602354,12
1761988157.709892,13
1761988157.816264,13
1761988157.924590,13
1761988158.031003,13
1761988158.137178,13
1761988158.244836,13
1761988158.352500,14
1761988158.459799,13
1761988158.565791,19
1761988158.671704,17
1761988158.778907,13
1761988158.884857,13
1761988158.990963,8
1761988159.096975,6
1761988159.202714,7
1761988159.308288,7
1761988159.414090,7
1761988159.520347,7
1761988159.627372,7
1761988159.733296,8
1761988159.839846,8
1761988159.947390,8
1761988160.053228,8
1761988160.159578,8
1761988160.265271,8
1761988160.371708,8
1761988160.478890,9
1761988160.585762,9
1761988160.692506,10
1761988160.799142,9
1761988160.906161,9
1761988161.013013,9
1761988161.118975,10
1761988161.225272,10
1761988161.330618,10
1761988161.436698,10
1761988161.542400,11
1761988161.650813,12
1761988161.755984,11
1761988161.863526,13
1761988161.969342,19
1761988162.075778,19
1761988162.181977,15
1761988162.287667,13
1761988162.394732,13
1761988162.501448,12
1761988162.608155,12
1761988162.714307,12
1761988162.820324,13
1761988162.927427,13
1761988163.035018,13
1761988163.141399,13
1761988163.248804,13
1761988163.354682,13
1761988163.460740,13
1761988163.567110,12
1761988163.672740,13
1761988163.780999,14
1761988163.887468,14
1761988163.994462,14
1761988164.101694,14
1761988164.208504,14
1761988164.314740,14
1761988164.421709,14
1761988164.528058,14
1761988164.633395,15
1761988164.739738,15
1761988164.846710,15
1761988164.953248,15
1761988165.059237,15
1761988165.165877,15
1761988165.271538,16
1761988165.377701,16
1761988165.486911,15
1761988165.594015,19
1761988165.700342,20
1761988165.806706,15
1761988165.913717,15
1761988166.019406,13
1761988166.125635,14
1761988166.232499,7
1761988166.338046,10
1761988166.444566,10
1761988166.550312,10
1761988166.657229,9
1761988166.762678,9
1761988166.869221,8
1761988166.974405,9
1761988167.081292,9
1761988167.187898,9
1761988167.293452,9
1761988167.399512,9
1761988167.506263,9
1761988167.612264,10
1761988167.718476,11
1761988167.824549,12
1761988167.930315,11
1761988168.036500,11
1761988168.141972,11
1761988168.248250,11
1761988168.354263,11
1761988168.461073,12
1761988168.567324,12
1761988168.673743,12
1761988168.779278,12
1761988168.885247,12
1761988168.992059,12
1761988169.099903,12
1761988169.208135,12
1761988169.313907,13
1761988169.420427,13
1761988169.526577,13
1761988169.632043,13
1761988169.737968,13
1761988169.843207,14
1761988169.949901,14
1761988170.056495,18
1761988170.162061,20
1761988170.270157,13
1761988170.375691,14
1761988170.483226,10
1761988170.589235,8
1761988170.695221,6
1761988170.802784,7
1761988170.909527,7
1761988171.015118,7
1761988171.121731,7
1761988171.228810,8
1761988171.335220,8
1761988171.442087,8
1761988171.549256,8
1761988171.655044,8
1761988171.761876,8
1761988171.867849,8
1761988171.974486,10
1761988172.081201,9
1761988172.186236,9
1761988172.292642,10
1761988172.398460,10
1761988172.504492,10
1761988172.610708,11
1761988172.717179,11
1761988172.825068,11
1761988172.930183,11
1761988173.035990,11
1761988173.142424,11
1761988173.249351,11
1761988173.355755,11
1761988173.461881,18
1761988173.568509,18
1761988173.673898,15
1761988173.780354,13
1761988173.886997,12
1761988173.993845,11
1761988174.099737,11
1761988174.206526,11
1761988174.313319,12
1761988174.419182,13
1761988174.526496,12
1761988174.633573,12
1761988174.738633,13
1761988174.845296,12
1761988174.952173,12
1761988175.059700,12
1761988175.166591,15
1761988175.272506,14
1761988175.378010,14
1761988175.485040,14
1761988175.591056,14
1761988175.696221,14
1761988175.804134,14
1761988175.910860,14
1761988176.017386,14
1761988176.123219,15
1761988176.229009,15
1761988176.335222,15
1761988176.442289,15
1761988176.548504,15
1761988176.654083,15
1761988176.759702,16
1761988176.866503,16
1761988176.972946,15
1761988177.081808,20
1761988177.187724,20
1761988177.293214,16
1761988177.399666,16
1761988177.506974,15
1761988177.614183,12
1761988177.720308,7
1761988177.826439,9
1761988177.932521,10
1761988178.038838,9
1761988178.144553,9
1761988178.250228,9
1761988178.355599,8
1761988178.462242,8
1761988178.568212,9
1761988178.673790,9
1761988178.779584,9
1761988178.886243,9
1761988178.992038,9
1761988179.098548,10
1761988179.203815,11
1761988179.310195,11
1761988179.415930,11
1761988179.522201,11
1761988179.629246,11
1761988179.734154,11
1761988179.839877,11
1761988179.946432,12
1761988180.052035,12
1761988180.157861,12
1761988180.264132,12
1761988180.370303,12
1761988180.476505,12
1761988180.582628,12
1761988180.689681,12
1761988180.794867,13
1761988180.902049,13
1761988181.007901,13
1761988181.115115,13
1761988181.221704,14
1761988181.327627,14
1761988181.437895,13
1761988181.545130,19
1761988181.650662,17
1761988181.757106,14
1761988181.863476,14
1761988181.971577,10
1761988182.077742,6
1761988182.185446,7
1761988182.291916,7
1761988182.397431,7
1761988182.505014,7
1761988182.611755,7
1761988182.718484,7
1761988182.824522,8
1761988182.931078,8
1761988183.036510,8
1761988183.141792,8
1761988183.249503,8
1761988183.355692,10
1761988183.461695,9
1761988183.567025,10
1761988183.673746,9
1761988183.779549,9
1761988183.885665,10
1761988183.991378,10
1761988184.097353,11
1761988184.203094,11
1761988184.309527,11
1761988184.415276,11
1761988184.521704,11
1761988184.626664,11
1761988184.734549,11
1761988184.841013,13
1761988184.947418,19
1761988185.053974,19
1761988185.160504,15
1761988185.266421,13
1761988185.375770,12
1761988185.482050,11
1761988185.587895,11
1761988185.693734,11
1761988185.801110,12
1761988185.908257,12
1761988186.015335,12
1761988186.125773,14
1761988186.231918,13
1761988186.338328,13
1761988186.444190,13
1761988186.550362,13
1761988186.655418,14
1761988186.761117,14
1761988186.866972,14
1761988186.974126,14
1761988187.079673,14
1761988187.187052,14
1761988187.292491,14
1761988187.399062,14
1761988187.504604,14
1761988187.611386,15
1761988187.717414,16
1761988187.823069,15
1761988187.930497,15
1761988188.036507,16
1761988188.142708,16
1761988188.248247,17
1761988188.354179,16
1761988188.459920,16
1761988188.565627,18
1761988188.671776,18
1761988188.777935,14
1761988188.884506,13
1761988188.990866,11
1761988189.098396,11
1761988189.205974,7
1761988189.310958,9
1761988189.417740,8
1761988189.523384,10
1761988189.629997,9
1761988189.735285,9
1761988189.841785,8
1761988189.948135,9
1761988190.054565,10
1761988190.160291,10
1761988190.267069,10
1761988190.372353,10
1761988190.478903,10
1761988190.586179,9
1761988190.691399,11
1761988190.797038,11
1761988190.903163,11
1761988191.009261,10
1761988191.114149,11
1761988191.220509,10
1761988191.327142,10
1761988191.434381,11
1761988191.539609,11
1761988191.646262,11
1761988191.752509,12
1761988191.860038,11
1761988191.966272,11
1761988192.071386,11
1761988192.177041,11
1761988192.282691,12
1761988192.389629,12
1761988192.495505,12
1761988192.602389,13
1761988192.708250,14
1761988192.815823,14
1761988192.922233,20
1761988193.028559,19
1761988193.134932,12
1761988193.242374,12
1761988193.349388,9
1761988193.456190,6
1761988193.564912,6
1761988193.671694,6
1761988193.779171,7
1761988193.885732,7
1761988193.992563,7
1761988194.098188,7
1761988194.203819,7
1761988194.311047,7
1761988194.418696,8
1761988194.525809,9
1761988194.632509,9
1761988194.738967,9
1761988194.844801,9
1761988194.950024,8
1761988195.056499,9
1761988195.161876,9
1761988195.267175,10
1761988195.373150,9
1761988195.479950,9
1761988195.587544,9
1761988195.694654,10
1761988195.800227,10
1761988195.906086,10
1761988196.011711,10
1761988196.127179,10
1761988196.249644,11
1761988196.357180,18
1761988196.462160,19
1761988196.570076,13
1761988196.675820,13
1761988196.783413,12
1761988196.889235,12
1761988196.995691,12
1761988197.102444,12
1761988197.208268,12
1761988197.314544,13
1761988197.421047,13
1761988197.527339,13
1761988197.634107,13
1761988197.740290,13
1761988197.846282,13
1761988197.953530,13
1761988198.059833,13
1761988198.165571,13
1761988198.272354,13
1761988198.378238,13
1761988198.485119,14
1761988198.591299,15
1761988198.697431,14
1761988198.803670,14
1761988198.909668,14
1761988199.015798,14
1761988199.123036,14
1761988199.230074,15
1761988199.336082,15
1761988199.443309,15
1761988199.550769,15
1761988199.656151,16
1761988199.761772,16
1761988199.868790,20
1761988199.974306,18
1761988200.080490,18
1761988200.186858,13
1761988200.293371,13
1761988200.399688,11
1761988200.505521,5
1761988200.611978,7
1761988200.718252,8
1761988200.823531,7
1761988200.929960,10
1761988201.035605,10
1761988201.142162,8
1761988201.248502,8
1761988201.354047,8
1761988201.459150,8
1761988201.564491,9
1761988201.669878,9
1761988201.775370,9
1761988201.881542,9
1761988201.987697,9
1761988202.094188,9
1761988202.201409,9
1761988202.312590,9
1761988202.419201,10
1761988202.526625,11
1761988202.632508,11
1761988202.738232,11
1761988202.844504,11
1761988202.950751,11
1761988203.057116,12
1761988203.163268,12
1761988203.268947,12
1761988203.375244,12
1761988203.481282,12
1761988203.587599,12
1761988203.694074,12
1761988203.799766,13
1761988203.905811,13
1761988204.012349,13
1761988204.119749,14
1761988204.225774,13
1761988204.334103,19
1761988204.439573,17
1761988204.545309,13
1761988204.650671,13
1761988204.756994,8
1761988204.862969,6
1761988204.970354,6
1761988205.077255,7
1761988205.183160,6
1761988205.289734,7
1761988205.394716,7
1761988205.502270,7
1761988205.607684,7
1761988205.714645,8
1761988205.822470,8
1761988205.929883,8
1761988206.035377,9
1761988206.141493,8
1761988206.247432,8
1761988206.353542,9
1761988206.459528,9
1761988206.565055,9
1761988206.670323,9
1761988206.775780,9
1761988206.883503,9
1761988206.990934,9
1761988207.098628,10
1761988207.204933,12
1761988207.310228,11
1761988207.416195,11
1761988207.522305,11
1761988207.629042,12
1761988207.736235,18
1761988207.842430,19
1761988207.949568,13
1761988208.055494,13
1761988208.163445,12
1761988208.269463,13
1761988208.379194,12
1761988208.486034,12
1761988208.591097,12
1761988208.697205,13
1761988208.803516,13
1761988208.910475,13
1761988209.015630,14
1761988209.122398,13
1761988209.228828,13
1761988209.334303,13
1761988209.440494,13
1761988209.545677,13
1761988209.652314,14
1761988209.758939,14
1761988209.865175,14
1761988209.971177,14
1761988210.077502,14
1761988210.183973,15
1761988210.290398,14
1761988210.397281,14
1761988210.502941,14
1761988210.609095,15
1761988210.714092,15
1761988210.820309,15
1761988210.927354,15
1761988211.032903,16
1761988211.139534,16
1761988211.246154,20
1761988211.351572,18
1761988211.458142,18
1761988211.563453,13
1761988211.670227,13
1761988211.777574,12
1761988211.883318,7
1761988211.990582,7
1761988212.098677,8
1761988212.205101,7
1761988212.311964,10
1761988212.418735,9
1761988212.525420,9
1761988212.630642,9
1761988212.737267,9
1761988212.843834,10
1761988212.950322,9
1761988213.067469,10
1761988213.175435,9
1761988213.282473,10
1761988213.389850,9
1761988213.496513,9
1761988213.607781,10
1761988213.713416,10
1761988213.820381,10
1761988213.928062,10
1761988214.034384,10
1761988214.140502,11
1761988214.246160,11
1761988214.351517,11
1761988214.459999,12
1761988214.568503,12
1761988214.675021,12
1761988214.782643,12
1761988214.888499,12
1761988214.995397,12
1761988215.102320,12
1761988215.208513,13
1761988215.314639,13
1761988215.421705,14
1761988215.528024,14
1761988215.633668,13
1761988215.739618,19
1761988215.845984,17
1761988215.952042,13
1761988216.058711,13
1761988216.167194,7
1761988216.273678,6
1761988216.380029,6
1761988216.486585,6
1761988216.592070,7
1761988216.698626,7
1761988216.804510,7
1761988216.912510,9
1761988217.018723,7
1761988217.126498,8
1761988217.233490,9
1761988217.339991,8
1761988217.448126,9
1761988217.555911,8
1761988217.661881,8
1761988217.767455,9
1761988217.874999,9
1761988217.982541,9
1761988218.090750,9
1761988218.197432,9
1761988218.303958,9
1761988218.410663,9
1761988218.518002,10
1761988218.624028,11
1761988218.730124,12
1761988218.836263,11
1761988218.941866,13
1761988219.047431,12
1761988219.153251,19
1761988219.258943,19
1761988219.365878,12
1761988219.471514,14
1761988219.578440,12
1761988219.685363,12
1761988219.792162,12
1761988219.899415,12
1761988220.004980,12
1761988220.111377,13
1761988220.217115,13
1761988220.326703,13
1761988220.433538,13
1761988220.538624,12
1761988220.645489,13
1761988220.751448,13
1761988220.857735,13
1761988220.963356,13
1761988221.069364,13
1761988221.176302,14
1761988221.282728,14
1761988221.389922,14
1761988221.495621,14
1761988221.602469,14
1761988221.708350,14
1761988221.814153,14
1761988221.919535,14
1761988222.026454,15
1761988222.132297,15
1761988222.239200,15
1761988222.345999,16
1761988222.451540,16
1761988222.558192,16
1761988222.664069,19
1761988222.770759,18
1761988222.877822,16
1761988222.983908,13
1761988223.090179,12
1761988223.195898,11
1761988223.302240,7
1761988223.408502,7
1761988223.515812,8
1761988223.631887,9
1761988223.738867,10
1761988223.845155,9
1761988223.955070,8
1761988224.060990,9
1761988224.167458,8
1761988224.273657,8
1761988224.378985,9
1761988224.487357,9
1761988224.595740,9
1761988224.703270,9
1761988224.809385,9
1761988224.915969,10
1761988225.022432,11
1761988225.129858,11
1761988225.236508,11
1761988225.342719,11
1761988225.449551,11
1761988225.556215,11
1761988225.662228,11
1761988225.769183,12
1761988225.875848,12
1761988225.984046,12
1761988226.089988,13
1761988226.196492,12
1761988226.303411,11
1761988226.409080,12
1761988226.515380,11
1761988226.623443,12
1761988226.729716,12
1761988226.835233,14
1761988226.941485,14
1761988227.048042,20
1761988227.154657,19
1761988227.260296,15
1761988227.365919,14
1761988227.477582,11
1761988227.583018,5
1761988227.688504,6
1761988227.794255,6
1761988227.900215,6
1761988228.006120,7
1761988228.111915,7
1761988228.218826,7
1761988228.324868,7
1761988228.431868,7
1761988228.538912,8
1761988228.644470,8
1761988228.750550,8
1761988228.856938,8
1761988228.962844,8
1761988229.069909,8
1761988229.175776,9
1761988229.281602,9
1761988229.388973,10
1761988229.494022,11
1761988229.601306,10
1761988229.708600,10
1761988229.813996,10
1761988229.919796,11
1761988230.026449,11
1761988230.132238,11
1761988230.237898,11
1761988230.344143,12
1761988230.450352,12
1761988230.557077,17
1761988230.662455,19
1761988230.769287,13
1761988230.876502,13
1761988230.981601,13
1761988231.087534,11
1761988231.192999,12
1761988231.298303,11
1761988231.405338,11
1761988231.510619,12
1761988231.617670,12
1761988231.723844,12
1761988231.831110,12
1761988231.938012,12
1761988232.044139,12
1761988232.150633,13
1761988232.257820,13
1761988232.363615,14
1761988232.469124,14
1761988232.575336,14
1761988232.682405,14
1761988232.788041,14
1761988232.894766,14
1761988233.001397,14
1761988233.106546,14
1761988233.218651,14
1761988233.324501,15
1761988233.430158,15
1761988233.536709,15
1761988233.642213,15
1761988233.750539,15
1761988233.856851,16
1761988233.962327,16
1761988234.071306,20
1761988234.178180,20
1761988234.285156,16
1761988234.391892,14
1761988234.498092,12
1761988234.605133,11
1761988234.712290,6
1761988234.818482,7
1761988234.924579,7
1761988235.030398,9
1761988235.136680,9
1761988235.242656,9
1761988235.350562,8
1761988235.457256,9
1761988235.563340,8
1761988235.670816,8
1761988235.778242,9
1761988235.883489,9
1761988235.989503,10
1761988236.095470,10
1761988236.202035,10
1761988236.307605,10
1761988236.414015,10
1761988236.520099,11
1761988236.626378,11
1761988236.732203,11
1761988236.837899,11
1761988236.943736,11
1761988237.050161,11
1761988237.156322,10
1761988237.261985,11
1761988237.368510,12
1761988237.474224,12
1761988237.579813,11
1761988237.685876,12
1761988237.791577,11
1761988237.897356,12
1761988238.004301,11
1761988238.109532,13
1761988238.215926,14
1761988238.323775,14
1761988238.430516,19
1761988238.536188,18
1761988238.648302,13
1761988238.755712,13
1761988238.863126,11
1761988238.969078,5
1761988239.074594,6
1761988239.179557,6
1761988239.285746,6
1761988239.392504,7
1761988239.498227,7
1761988239.603973,7
1761988239.709242,7
1761988239.814415,7
1761988239.921293,8
1761988240.027420,8
1761988240.134832,8
1761988240.239982,8
1761988240.345741,8
1761988240.450812,8
1761988240.557484,9
1761988240.663309,9
1761988240.769987,10
1761988240.877557,10
1761988240.983591,10
1761988241.089231,10
1761988241.195826,11
1761988241.301518,11
1761988241.407119,11
1761988241.512507,12
1761988241.618455,11
1761988241.725815,10
1761988241.832983,12
1761988241.938976,17
1761988242.045432,17
1761988242.150756,13
1761988242.257242,13
1761988242.363504,12
1761988242.470346,11
1761988242.575826,11
1761988242.683406,11
1761988242.788959,11
1761988242.895752,12
1761988243.001440,13
1761988243.110004,12
1761988243.216490,12
1761988243.325031,14
1761988243.431086,13
1761988243.536504,14
1761988243.643191,13
1761988243.750619,14
1761988243.856683,14
1761988243.963343,14
1761988244.070115,14
1761988244.176511,14
1761988244.281887,14
1761988244.387718,14
1761988244.493292,14
1761988244.599202,14
1761988244.709834,15
1761988244.816024,15
1761988244.921737,15
1761988245.029266,15
1761988245.136337,16
1761988245.243814,16
1761988245.349879,16
1761988245.456246,20
1761988245.562141,19
1761988245.667610,15
1761988245.775674,14
1761988245.882127,13
1761988245.988508,9
1761988246.094362,7
1761988246.200085,8
1761988246.305916,8
1761988246.410890,10
1761988246.517882,9
1761988246.625009,9
1761988246.731332,9
1761988246.837473,8
1761988246.942323,9
1761988247.050013,8
1761988247.156507,9
1761988247.263043,9
1761988247.369493,10
1761988247.475529,10
1761988247.581214,10
1761988247.686380,10
1761988247.791546,11
1761988247.897368,11
1761988248.003654,11
1761988248.109221,11
1761988248.215045,11
1761988248.321199,11
1761988248.427481,11
1761988248.533966,11
1761988248.639403,11
1761988248.745973,11
1761988248.851523,12
1761988248.958963,11
1761988249.065495,12
1761988249.171614,11
1761988249.277503,12
1761988249.383779,12
1761988249.489485,13
1761988249.596096,14
1761988249.703321,13
1761988249.809908,19
1761988249.916309,18
1761988250.023743,15
1761988250.130420,13
1761988250.236263,12
1761988250.345886,6
1761988250.452246,6
1761988250.558704,6
1761988250.663918,6
1761988250.777291,6
1761988250.889916,7
1761988250.996027,7
1761988251.102256,7
1761988251.207925,7
1761988251.313739,8
1761988251.419170,8
1761988251.525470,8
1761988251.631106,8
1761988251.737235,8
1761988251.843351,8
1761988251.950249,10
1761988252.056525,10
1761988252.161886,10
1761988252.267828,10
1761988252.373269,10
1761988252.479844,10
1761988252.586091,11
1761988252.692347,11
1761988252.798607,11
1761988252.904256,11
1761988253.010637,10
1761988253.117291,12
1761988253.224819,11
1761988253.330156,17
1761988253.435160,16
1761988253.542402,13
1761988253.647432,13
1761988253.753531,11
1761988253.859617,11
1761988253.966593,11
1761988254.075139,11
1761988254.182801,11
1761988254.288328,12
1761988254.394714,12
1761988254.500508,12
1761988254.607191,13
1761988254.713500,13
1761988254.819583,14
1761988254.926869,13
1761988255.033279,13
1761988255.138906,14
1761988255.245263,14
1761988255.351936,14
1761988255.458121,14
1761988255.564504,14
1761988255.670755,14
1761988255.777597,14
1761988255.883261,14
1761988255.991096,14
1761988256.098124,15
1761988256.205096,15
1761988256.310848,15
1761988256.418049,15
1761988256.524549,17
1761988256.630885,17
1761988256.737260,17
1761988256.846139,20
1761988256.953649,18
1761988257.058773,15
1761988257.164996,14
1761988257.271718,14
1761988257.378497,12
1761988257.485369,7
1761988257.591812,7
1761988257.698493,8
1761988257.804271,9
1761988257.911306,9
1761988258.017662,9
1761988258.123187,8
1761988258.230864,8
1761988258.337108,9
1761988258.442681,9
1761988258.548193,11
1761988258.654899,10
1761988258.761103,10
1761988258.867073,10
1761988258.973695,10
1761988259.079935,10
1761988259.185679,10
1761988259.292349,10
1761988259.398928,10
1761988259.504052,11
1761988259.610796,10
1761988259.717317,11
1761988259.824182,10
1761988259.930426,10
1761988260.035359,11
1761988260.141323,11
1761988260.250389,11
1761988260.357816,11
1761988260.462996,11
1761988260.569632,11
1761988260.676353,12
1761988260.783571,13
1761988260.889232,13
1761988260.994290,13
1761988261.100723,14
1761988261.207043,20
1761988261.311954,19
1761988261.418364,16
1761988261.524505,14
1761988261.631162,11
1761988261.740159,7
1761988261.846659,6
1761988261.953333,6
1761988262.059244,6
1761988262.165126,7
1761988262.270857,7
1761988262.378228,7
1761988262.484538,7
1761988262.590168,7
1761988262.696492,8
1761988262.803207,8
1761988262.912933,9
1761988263.019641,9
1761988263.125238,9
1761988263.232244,9
1761988263.338204,9
1761988263.444088,11
1761988263.550555,10
1761988263.656112,11
1761988263.762270,9
1761988263.867344,10
1761988263.973264,9
1761988264.080689,10
1761988264.186317,10
1761988264.292218,10
1761988264.398263,10
1761988264.504521,11
1761988264.610708,11
1761988264.715985,17
1761988264.823267,18
1761988264.929915,13
1761988265.035708,13
1761988265.141927,11
1761988265.249295,11
1761988265.355211,13
1761988265.461266,12
1761988265.567584,12
1761988265.672788,13
1761988265.779766,13
1761988265.886199,13
1761988265.991390,13
1761988266.098348,13
1761988266.204801,13
1761988266.311473,13
1761988266.418007,13
1761988266.523643,14
1761988266.629813,14
1761988266.735506,14
1761988266.841117,14
1761988266.948078,14
1761988267.053391,14
1761988267.160505,14
1761988267.266618,14
1761988267.371971,14
1761988267.478180,14
1761988267.583412,15
1761988267.689292,15
1761988267.793966,15
1761988267.900125,16
1761988268.006954,17
1761988268.113405,18
1761988268.220150,18
1761988268.326091,19
1761988268.431262,17
1761988268.537087,13
1761988268.642518,14
1761988268.750642,10
1761988268.856304,7
1761988268.971803,6
1761988269.079348,8
1761988269.185485,10
1761988269.290982,10
1761988269.399131,9
1761988269.505411,8
1761988269.610992,9
1761988269.718759,9
1761988269.823805,9
1761988269.930450,10
1761988270.036009,10
1761988270.141807,10
1761988270.248223,10
1761988270.354082,11
1761988270.460934,9
1761988270.567788,10
1761988270.674181,10
1761988270.780555,10
1761988270.886668,10
1761988270.991387,10
1761988271.097350,10
1761988271.202781,10
1761988271.310305,10
1761988271.415978,11
1761988271.521704,11
1761988271.629643,11
1761988271.735893,11
1761988271.841467,11
1761988271.948517,11
1761988272.054349,11
1761988272.159537,12
1761988272.265704,12
1761988272.371319,13
1761988272.478566,14
1761988272.585030,20
1761988272.690950,19
1761988272.798028,17
1761988272.903554,14
1761988273.010095,14
1761988273.116967,8
1761988273.223651,6
1761988273.329096,6
1761988273.435473,6
1761988273.542124,7
1761988273.650219,7
1761988273.755962,7
1761988273.864023,7
1761988273.970517,7
1761988274.075521,8
1761988274.181653,8
1761988274.287706,8
1761988274.393736,8
1761988274.499224,9
1761988274.609782,9
1761988274.717312,9
1761988274.822342,10
1761988274.928541,10
1761988275.034184,10
1761988275.140321,9
1761988275.246707,9
1761988275.352239,9
1761988275.458411,10
1761988275.565243,10
1761988275.671703,10
1761988275.778269,10
1761988275.885294,11
1761988275.990953,11
1761988276.098469,17
1761988276.203170,18
1761988276.309983,13
1761988276.416108,13
1761988276.521614,12
1761988276.627699,12
1761988276.734274,12
1761988276.840241,12
1761988276.945922,12
1761988277.051491,13
1761988277.158309,13
1761988277.264509,13
1761988277.371533,14
1761988277.478179,13
1761988277.584017,13
1761988277.690218,13
1761988277.796035,13
1761988277.901873,13
1761988278.009784,14
1761988278.117231,14
1761988278.224176,14
1761988278.329634,15
1761988278.435911,14
1761988278.542152,14
1761988278.648545,14
1761988278.754679,14
1761988278.860498,14
1761988278.966807,15
1761988279.073824,16
1761988279.179773,16
1761988279.286119,16
1761988279.394272,16
1761988279.501539,16
1761988279.606575,18
1761988279.713884,18
1761988279.820507,17
1761988279.926682,14
1761988280.034206,14
1761988280.140526,10
1761988280.246171,7
1761988280.351548,8
1761988280.457547,8
1761988280.563318,9
1761988280.670149,10
1761988280.775776,9
1761988280.881322,8
1761988280.987522,8
1761988281.095079,8
1761988281.202533,9
1761988281.308272,10
1761988281.414371,10
1761988281.521045,11
1761988281.626849,10
1761988281.734042,9
1761988281.839289,10
1761988281.945740,10
1761988282.050689,10
1761988282.159036,10
1761988282.265836,10
1761988282.371430,10
1761988282.477159,10
1761988282.584007,10
1761988282.690252,12
1761988282.795825,11
1761988282.901415,12
1761988283.006108,11
1761988283.111668,12
1761988283.218045,11
1761988283.325133,11
1761988283.431085,11
1761988283.537280,12
1761988283.642660,12
1761988283.755115,13
1761988283.861269,13
1761988283.969155,12
1761988284.079006,18
1761988284.188259,17
1761988284.296350,14
1761988284.403445,14
1761988284.510301,7
1761988284.619267,6
1761988284.725776,6
1761988284.832540,6
1761988284.938683,7
1761988285.044206,7
1761988285.150521,7
1761988285.256660,7
1761988285.363051,7
1761988285.470127,8
1761988285.575774,8
1761988285.682163,8
1761988285.788975,8
1761988285.894382,9
1761988285.999802,9
1761988286.106427,10
1761988286.211580,10
1761988286.317205,10
1761988286.423625,10
1761988286.529580,10
1761988286.636570,10
1761988286.743061,11
1761988286.848672,10
1761988286.954043,12
1761988287.061150,10
1761988287.167865,10
1761988287.277419,11
1761988287.384301,11
1761988287.489647,17
1761988287.595991,18
1761988287.703785,12
1761988287.810083,13
1761988287.916185,11
1761988288.023111,11
1761988288.129787,11
1761988288.234988,11
1761988288.342626,11
1761988288.449032,12
1761988288.555244,14
1761988288.661905,13
1761988288.768505,13
1761988288.874522,13
1761988288.979539,13
1761988289.085277,13
1761988289.191333,13
1761988289.297432,13
1761988289.403349,14
1761988289.509306,14
1761988289.614835,14
1761988289.721444,14
1761988289.827932,14
1761988289.933805,14
1761988290.041031,14
1761988290.152768,14
1761988290.259300,14
1761988290.366135,15
1761988290.472733,14
1761988290.578538,16
1761988290.699663,15
1761988290.805422,16
1761988290.911247,16
1761988291.017402,18
1761988291.123854,18
1761988291.230286,17
1761988291.336108,14
1761988291.442995,14
1761988291.549022,10
1761988291.654980,7
1761988291.763999,7
1761988291.869797,8
1761988291.976354,10
1761988292.083823,9
1761988292.190969,9
1761988292.296712,8
1761988292.403432,9
1761988292.509366,9
1761988292.615567,9
1761988292.723088,9
1761988292.828904,10
1761988292.935062,10
1761988293.040680,10
1761988293.149278,9
1761988293.256129,10
1761988293.362107,10
1761988293.467666,11
1761988293.574189,10
1761988293.681316,10
1761988293.786157,10
1761988293.892611,10
1761988293.998218,10
1761988294.105424,11
1761988294.211764,11
1761988294.318188,11
1761988294.423569,11
1761988294.530227,11
1761988294.635699,11
1761988294.742171,11
1761988294.849246,12
1761988294.954436,12
1761988295.060503,13
1761988295.166520,14
1761988295.272504,14
1761988295.377847,19
1761988295.483647,19
1761988295.590774,16
1761988295.697246,15
1761988295.803120,15
1761988295.913157,15
1761988296.018146,14
1761988296.124138,15
1761988296.231795,14
1761988296.337804,14
1761988296.442937,14
1761988296.549254,14
1761988296.655321,14
1761988296.760511,14
1761988296.866461,15
1761988296.971667,15
1761988297.077925,15
1761988297.185665,15
1761988297.291069,15
1761988297.398201,16
1761988297.505197,16
1761988297.611343,16
1761988297.717456,15
1761988297.824125,15
1761988297.930794,16
1761988298.037306,16
1761988298.142382,16
1761988298.248217,16
1761988298.354468,16
1761988298.461238,17
1761988298.567303,16
1761988298.674517,17
1761988298.781093,17
1761988298.887588,16
1761988298.993674,18
1761988299.099354,18
1761988299.205802,15
1761988299.312282,16
1761988299.417828,16
1761988299.523767,12
1761988299.629437,9
1761988299.736538,10
1761988299.842409,11
1761988299.950334,10
1761988300.057724,12
1761988300.163593,12
1761988300.269224,11
1761988300.378765,9
1761988300.483687,9
1761988300.590336,9
1761988300.695486,9
1761988300.801987,10
1761988300.907808,11
1761988301.014819,10
1761988301.121705,10
1761988301.227864,10
1761988301.334216,10
1761988301.439765,10
1761988301.545078,11
1761988301.651472,12
1761988301.761997,12
1761988301.869282,12
1761988301.975778,12
1761988302.083166,12
1761988302.189031,12
1761988302.295047,12
1761988302.401594,13
1761988302.506756,13
1761988302.613512,13
1761988302.719139,13
1761988302.826558,13
1761988302.932327,13
1761988303.039022,13
1761988303.145594,13
1761988303.251654,15
1761988303.357257,15
1761988303.464326,19
1761988303.570672,19
1761988303.675448,16
1761988303.782361,12
1761988303.888175,12
1761988303.994223,9
1761988304.101320,6
1761988304.207748,7
1761988304.313819,8
1761988304.419911,7
1761988304.527655,7
1761988304.633330,7
1761988304.739511,7
1761988304.844970,8
1761988304.951441,8
1761988305.058787,8
1761988305.164262,8
1761988305.274458,8
1761988305.380080,8
1761988305.485960,9
1761988305.591547,9
1761988305.698427,9
1761988305.804321,10
1761988305.910206,9
1761988306.017130,10
1761988306.124234,11
1761988306.230635,11
1761988306.337363,11
1761988306.444413,11
1761988306.550357,12
1761988306.657530,11
1761988306.764105,11
1761988306.869489,12
1761988306.975781,11
1761988307.082655,12
1761988307.189228,12
1761988307.295049,12
1761988307.409579,12
1761988307.516502,12
1761988307.621706,14
1761988307.727540,18
1761988307.833028,20
1761988307.939995,14
1761988308.046187,13
1761988308.152102,10
1761988308.259279,5
1761988308.366363,5
1761988308.472569,5
1761988308.579021,7
1761988308.685427,8
1761988308.791576,7
1761988308.897260,7
1761988309.004975,7
1761988309.110788,8
1761988309.216947,8
1761988309.323083,8
1761988309.429024,8
1761988309.535442,8
1761988309.641437,8
1761988309.747432,8
1761988309.853646,9
1761988309.959264,9
1761988310.065167,9
1761988310.171335,9
1761988310.277672,9
1761988310.383949,9
1761988310.490248,11
1761988310.596712,11
1761988310.703876,11
1761988310.809787,11
1761988310.916839,11
1761988311.023011,12
1761988311.129713,18
1761988311.235225,18
1761988311.342582,15
1761988311.453900,13
1761988311.560133,12
1761988311.667340,12
1761988311.773281,12
1761988311.878827,12
1761988311.985318,11
1761988312.091933,12
1761988312.198088,12
1761988312.303936,13
1761988312.410622,13
1761988312.515998,13
1761988312.621709,13
1761988312.727569,12
1761988312.833505,13
1761988312.939669,12
1761988313.045975,13
1761988313.152500,14
1761988313.258040,14
1761988313.364240,14
1761988313.470585,15
1761988313.576506,14
1761988313.682068,15
1761988313.790990,14
1761988313.898976,14
1761988314.005583,15
1761988314.112522,15
1761988314.219664,15
1761988314.325773,15
1761988314.432356,16
1761988314.539745,16
1761988314.647432,20
1761988314.755205,18
1761988314.860050,18
1761988314.965425,13
1761988315.072353,14
1761988315.179448,12
1761988315.285349,6
1761988315.392149,7
1761988315.497990,8
1761988315.605258,7
1761988315.710628,10
1761988315.817244,10
1761988315.923460,8
1761988316.029515,8
1761988316.135264,8
1761988316.242112,9
1761988316.348180,9
1761988316.454872,9
1761988316.559842,9
1761988316.666696,9
1761988316.773257,9
1761988316.878694,9
1761988316.986403,10
1761988317.091693,11
1761988317.197232,11
1761988317.303633,11
1761988317.425812,11
1761988317.533724,11
1761988317.640702,10
1761988317.746558,10
1761988317.852933,11
1761988317.960100,12
1761988318.065940,11
1761988318.171351,12
1761988318.277529,11
1761988318.383088,11
1761988318.490077,11
1761988318.595786,13
1761988318.701991,12
1761988318.808158,12
1761988318.916085,14
1761988319.029648,12
1761988319.135652,18
1761988319.243385,17
1761988319.350374,14
1761988319.457944,14
1761988319.563619,8
1761988319.669926,6
1761988319.777437,6
1761988319.883239,6
1761988319.990855,7
1761988320.101850,7
1761988320.207766,7
1761988320.314233,7
1761988320.421258,7
1761988320.527874,8
1761988320.634272,8
1761988320.741241,8
1761988320.846526,9
1761988320.952885,8
1761988321.060514,8
1761988321.167058,10
1761988321.273581,10
1761988321.380492,10
1761988321.488112,10
1761988321.593757,10
1761988321.699122,10
1761988321.805897,9
1761988321.911471,10
1761988322.017918,10
1761988322.123435,11
1761988322.230383,10
1761988322.337900,11
1761988322.443828,11
1761988322.550215,17
1761988322.656500,18
1761988322.763638,12
1761988322.869349,14
1761988322.977012,11
1761988323.083763,11
1761988323.190089,11
1761988323.295700,11
1761988323.402069,11
1761988323.508561,12
1761988323.614168,12
1761988323.720525,13
1761988323.829631,13
1761988323.935303,13
1761988324.041879,13
1761988324.148257,13
1761988324.253748,13
1761988324.359138,13
1761988324.465813,14
1761988324.571680,14
1761988324.678243,14
1761988324.783734,14
1761988324.890635,14
1761988324.996551,15
1761988325.101912,14
1761988325.208986,14
1761988325.315281,14
1761988325.423496,15
1761988325.529944,15
1761988325.637018,16
1761988325.742568,16
1761988325.850071,17
1761988325.957343,16
1761988326.063770,19
1761988326.170888,18
1761988326.276513,16
1761988326.382156,15
1761988326.490869,16
1761988326.597394,15
1761988326.704057,10
1761988326.811108,7
1761988326.917684,8
1761988327.023592,10
1761988327.129940,9
1761988327.236490,8
1761988327.342147,9
1761988327.447431,8
1761988327.554570,10
1761988327.662104,10
1761988327.768675,10
1761988327.875780,10
1761988327.982278,10
1761988328.088002,10
1761988328.194292,9
1761988328.300032,11
1761988328.406762,11
1761988328.512466,11
1761988328.618839,10
1761988328.725779,10
1761988328.831468,10
1761988328.938070,10
1761988329.043648,11
1761988329.150711,11
1761988329.258548,11
1761988329.365010,11
1761988329.471006,12
1761988329.577594,11
1761988329.685205,12
1761988329.791075,12
1761988329.896712,13
1761988330.004517,13
1761988330.111157,13
1761988330.217847,14
1761988330.324335,14
1761988330.430619,14
1761988330.535859,19
1761988330.643165,19
1761988330.751542,13
1761988330.858323,13
1761988330.963935,11
1761988331.070718,6
1761988331.176324,6
1761988331.282329,6
1761988331.389075,6
1761988331.496168,7
1761988331.604574,7
1761988331.712106,8
1761988331.819181,9
1761988331.925418,7
1761988332.032797,8
1761988332.138127,9
1761988332.244499,8
1761988332.351575,8
1761988332.458981,8
1761988332.568207,8
1761988332.674443,9
1761988332.781434,9
1761988332.888533,9
1761988332.995228,9
1761988333.100497,9
1761988333.207076,9
1761988333.312504,11
1761988333.419575,10
1761988333.525773,10
1761988333.631895,10
1761988333.738253,11
1761988333.844251,12
1761988333.951478,11
1761988334.056777,18
1761988334.162300,17
1761988334.270663,13
1761988334.377022,13
1761988334.483879,12
1761988334.590724,12
1761988334.695966,12
1761988334.802421,12
1761988334.908438,12
1761988335.015155,13
1761988335.120507,13
1761988335.226725,13
1761988335.332502,13
1761988335.438207,13
1761988335.545269,13
1761988335.650776,13
1761988335.757349,13
1761988335.864343,14
1761988335.970298,14
1761988336.076741,14
1761988336.183377,14
1761988336.290406,15
1761988336.396468,14
1761988336.504508,15
1761988336.611010,14
1761988336.717402,15
1761988336.826475,15
1761988336.932023,15
1761988337.038081,15
1761988337.143109,15
1761988337.250649,16
1761988337.357910,16
1761988337.463375,17
1761988337.570691,18
1761988337.678013,18
1761988337.783998,14
1761988337.890251,14
1761988337.995723,14
1761988338.103060,8
1761988338.209734,7
1761988338.314746,8
1761988338.421709,8
1761988338.527252,11
1761988338.642201,9
1761988338.750056,10
1761988338.855922,8
1761988338.961563,8
1761988339.067552,8
1761988339.174203,9
1761988339.280085,9
1761988339.385932,9
1761988339.492194,9
1761988339.599963,9
1761988339.707474,9
1761988339.814448,9
1761988339.921340,10
1761988340.027044,10
1761988340.133264,10
1761988340.238680,11
1761988340.345719,11
1761988340.452255,11
1761988340.558948,11
1761988340.665000,12
1761988340.771418,12
1761988340.879117,12
1761988340.985709,12
1761988341.091365,12
1761988341.196504,12
1761988341.304076,13
1761988341.410289,12
1761988341.516600,13
1761988341.623410,13
1761988341.730627,14
1761988341.837235,14
1761988341.943347,19
1761988342.049475,19
1761988342.154959,16
1761988342.261808,13
1761988342.369727,14
1761988342.476616,7
1761988342.584045,5
1761988342.689977,6
1761988342.796506,5
1761988342.902367,7
1761988343.008060,7
1761988343.114661,7
1761988343.219168,7
1761988343.326668,7
1761988343.432251,8
1761988343.538513,9
1761988343.645224,8
1761988343.751509,8
1761988343.857265,8
1761988343.963370,8
1761988344.069395,9
1761988344.175760,9
1761988344.282307,9
1761988344.389066,9
1761988344.495230,9
1761988344.602333,9
1761988344.708130,9
1761988344.815423,11
1761988344.923662,11
1761988345.030273,11
1761988345.136533,11
1761988345.242317,12
1761988345.349250,12
1761988345.454924,19
1761988345.560146,19
1761988345.665946,13
1761988345.771727,13
1761988345.878360,12
1761988345.983291,12
1761988346.090543,12
1761988346.198094,12
1761988346.302777,12
1761988346.410257,13
1761988346.516094,13
1761988346.621704,13
1761988346.728696,13
1761988346.836374,13
1761988346.943675,13
1761988347.050043,13
1761988347.157522,13
1761988347.263723,13
1761988347.369719,13
1761988347.476293,14
1761988347.583362,14
1761988347.693299,14
1761988347.800501,14
1761988347.915980,14
1761988348.025821,14
1761988348.133122,14
1761988348.238963,15
1761988348.345383,15
1761988348.451654,16
1761988348.557754,15
1761988348.663961,15
1761988348.769988,16
1761988348.875767,16
1761988348.981922,19
1761988349.088138,18
1761988349.195597,15
1761988349.302135,14
1761988349.407177,14
1761988349.515439,10
1761988349.622331,7
1761988349.728164,9
1761988349.835076,7
1761988349.942446,10
1761988350.048499,9
1761988350.154769,9
1761988350.261577,8
1761988350.367171,8
1761988350.473821,8
1761988350.580107,8
1761988350.685745,9
1761988350.791531,9
1761988350.898419,10
1761988351.005092,9
1761988351.110856,10
1761988351.215592,10
1761988351.323169,11
1761988351.428567,11
1761988351.534273,11
1761988351.639762,11
1761988351.745847,11
1761988351.851551,11
1761988351.957257,11
1761988352.063178,12
1761988352.169128,11
1761988352.275413,12
1761988352.381702,12
1761988352.486885,12
1761988352.594059,12
1761988352.700792,12
1761988352.808357,12
1761988352.915250,12
1761988353.023074,13
1761988353.131528,14
1761988353.239240,14
1761988353.346227,19
1761988353.453535,18
1761988353.559591,13
1761988353.667246,14
1761988353.778234,11
1761988353.888126,6
1761988353.994987,6
1761988354.100780,6
1761988354.208442,7
1761988354.315139,7
1761988354.422431,7
1761988354.528518,8
1761988354.634148,7
1761988354.741114,8
1761988354.848691,8
1761988354.955318,8
1761988355.061661,8
1761988355.169338,8
1761988355.275624,9
1761988355.383099,8
1761988355.490362,10
1761988355.597339,10
1761988355.703867,10
1761988355.810505,11
1761988355.916496,10
1761988356.022133,11
1761988356.127858,11
1761988356.235069,10
1761988356.340916,11
1761988356.447433,10
1761988356.554070,11
1761988356.660069,11
1761988356.768694,10
1761988356.878971,18
1761988356.986208,16
1761988357.093373,13
1761988357.199184,13
1761988357.305774,11
1761988357.411305,11
1761988357.517858,11
1761988357.623435,13
1761988357.729134,11
1761988357.835729,13
1761988357.941892,13
1761988358.048209,13
1761988358.155446,13
1761988358.264586,13
1761988358.371624,13
1761988358.477415,13
1761988358.584354,13
1761988358.691779,14
1761988358.798526,14
1761988358.904288,14
1761988359.011422,14
1761988359.117789,14
1761988359.224564,14
1761988359.331293,14
1761988359.437492,14
1761988359.542607,14
1761988359.649795,15
1761988359.756095,15
1761988359.864510,16
1761988359.970158,16
1761988360.077472,16
1761988360.183641,17
1761988360.297032,15
1761988360.406234,18
1761988360.513141,19
1761988360.618328,13
1761988360.725710,13
1761988360.831934,12
1761988360.938905,7
1761988361.045256,7
1761988361.152397,8
1761988361.258256,7
1761988361.365274,10
1761988361.475719,9
1761988361.583234,9
1761988361.690141,9
1761988361.797431,9
1761988361.906092,8
1761988362.011951,9
1761988362.119100,9
1761988362.226717,10
1761988362.333780,9
1761988362.439363,10
1761988362.546684,9
1761988362.652970,9
1761988362.758183,10
1761988362.879192,9
1761988362.991408,11
1761988363.097383,11
1761988363.203915,11
1761988363.309943,11
1761988363.416047,11
1761988363.521711,12
1761988363.628523,12
1761988363.735426,12
1761988363.841878,12
1761988363.946739,12
1761988364.053906,12
1761988364.159428,12
1761988364.266971,13
1761988364.374000,13
1761988364.479995,14
1761988364.587190,14
1761988364.693156,20
1761988364.801717,19
1761988364.907300,17
1761988365.014236,14
1761988365.122085,12
1761988365.230503,6
1761988365.338203,6
1761988365.446263,5
1761988365.554212,6
1761988365.666987,6
1761988365.776520,7
1761988365.903263,7
1761988366.018151,7
1761988366.124527,7
1761988366.230358,8
1761988366.335966,8
1761988366.441795,8
1761988366.548235,8
1761988366.654370,8
1761988366.761531,8
1761988366.869097,10
1761988366.977810,10
1761988367.085731,10
1761988367.193010,10
1761988367.299678,10
1761988367.406556,9
1761988367.513743,12
1761988367.620052,10
1761988367.726944,10
1761988367.832996,10
1761988367.946913,10
1761988368.052978,11
1761988368.161885,10
1761988368.269266,18
1761988368.375639,15
1761988368.481799,14
1761988368.590892,12
1761988368.697303,12
1761988368.803576,12
1761988368.915474,12
1761988369.025746,12
1761988369.131173,12
1761988369.237985,13
1761988369.345954,13
1761988369.452000,13
1761988369.558120,13
1761988369.663854,13
1761988369.769705,13
1761988369.875590,13
1761988369.981689,13
1761988370.087697,14
1761988370.194702,14
1761988370.299767,14
1761988370.406947,14
1761988370.514289,14
1761988370.621047,14
1761988370.727033,14
1761988370.833380,14
1761988370.939790,14
1761988371.045491,16
1761988371.151357,15
1761988371.256892,16
1761988371.363536,15
1761988371.469066,16
1761988371.575583,16
1761988371.682033,16
1761988371.788208,18
1761988371.893954,18
1761988372.001830,14
1761988372.108112,14
1761988372.215575,13
1761988372.321250,7
1761988372.427596,7
1761988372.535432,8
1761988372.642436,7
1761988372.752575,10
1761988372.859494,11
1761988372.967125,10
1761988373.075376,8
1761988373.182673,9
1761988373.289741,8
1761988373.398728,9
1761988373.506582,9
1761988373.614033,9
1761988373.719895,10
1761988373.826441,9
1761988373.932855,10
1761988374.039364,10
1761988374.148668,10
1761988374.254377,10
1761988374.361909,10
1761988374.468224,10
1761988374.574999,11
1761988374.682042,11
1761988374.788501,11
1761988374.894697,12
1761988375.004904,12
1761988375.111940,12
1761988375.217563,11
1761988375.324120,12
1761988375.430871,12
1761988375.538956,12
1761988375.646141,13
1761988375.752581,14
1761988375.859395,13
1761988375.967941,14
1761988376.074898,13
1761988376.181274,19
1761988376.287262,19
1761988376.395781,14
1761988376.502001,13
1761988376.608339,8
1761988376.716634,5
1761988376.823139,5
1761988376.930074,5
1761988377.036104,7
1761988377.141623,8
1761988377.248234,7
1761988377.354441,8
1761988377.461512,7
1761988377.568371,8
1761988377.675322,8
1761988377.782569,8
1761988377.890211,9
1761988377.998966,8
1761988378.105570,8
1761988378.211994,9
1761988378.318401,9
1761988378.425521,9
1761988378.531838,9
1761988378.638952,9
1761988378.745444,9
1761988378.851634,10
1761988378.957733,11
1761988379.063143,11
1761988379.171707,12
1761988379.278658,11
1761988379.386710,11
1761988379.494772,12
1761988379.602672,18
1761988379.710213,18
1761988379.815551,13
1761988379.925779,13
1761988380.032065,12
1761988380.138293,12
1761988380.245126,11
1761988380.350774,11
1761988380.458744,11
1761988380.565556,12
1761988380.671553,12
1761988380.778366,12
1761988380.884121,12
1761988380.989989,12
1761988381.098256,13
1761988381.203747,13
1761988381.309495,14
1761988381.417278,13
1761988381.523198,14
1761988381.629232,14
1761988381.735109,14
1761988381.841742,14
1761988381.948238,14
1761988382.054137,14
1761988382.160264,14
1761988382.266325,15
1761988382.373676,14
1761988382.479907,15
1761988382.585601,15
1761988382.692031,15
1761988382.798889,15
1761988382.903972,16
1761988383.011534,16
1761988383.118585,20
1761988383.224230,19
1761988383.330278,17
1761988383.435901,14
1761988383.541543,14
1761988383.649113,12
1761988383.756139,7
1761988383.861892,7
1761988383.968614,8
1761988384.075785,7
1761988384.184041,10
1761988384.289736,9
1761988384.395677,8
1761988384.501645,8
1761988384.608594,8
1761988384.717335,8
1761988384.824059,9
1761988384.931453,10
1761988385.039360,10
1761988385.145014,10
1761988385.250779,10
1761988385.356220,10
1761988385.462832,11
1761988385.568925,11
1761988385.675044,11
1761988385.782422,11
1761988385.889270,11
1761988385.996509,10
1761988386.102194,10
1761988386.209282,10
1761988386.313860,11
1761988386.421389,11
1761988386.527919,11
1761988386.633774,11
1761988386.739884,11
1761988386.847433,11
1761988386.954182,11
1761988387.059362,12
1761988387.166036,12
1761988387.270804,13
1761988387.377862,13
1761988387.486078,13
1761988387.592537,19
1761988387.698740,17
1761988387.804751,14
1761988387.911092,14
1761988388.018437,8
1761988388.124506,6
1761988388.230162,7
1761988388.335856,6
1761988388.441369,8
1761988388.547431,7
1761988388.653922,7
1761988388.758819,7
1761988388.865912,7
1761988388.972508,8
1761988389.080061,8
1761988389.186192,8
1761988389.291926,8
1761988389.398033,8
1761988389.504058,9
1761988389.609882,11
1761988389.715434,10
1761988389.822209,10
1761988389.927266,10
1761988390.033671,10
1761988390.141626,10
1761988390.248249,9
1761988390.354252,10
1761988390.461266,11
1761988390.567912,11
1761988390.674283,10
1761988390.781145,10
1761988390.888604,11
1761988390.994094,17
1761988391.101846,18
1761988391.207453,13
1761988391.313556,13
1761988391.419798,11
1761988391.527055,11
1761988391.633302,12
1761988391.740268,11
1761988391.846742,12
1761988391.954453,13
1761988392.059449,13
1761988392.166130,13
1761988392.272504,13
1761988392.378650,13
1761988392.485398,13
1761988392.593416,13
1761988392.698753,13
1761988392.805490,13
1761988392.912058,14
1761988393.017839,14
1761988393.124143,14
1761988393.230602,14
1761988393.336031,14
1761988393.443167,14
1761988393.550799,14
1761988393.655929,14
1761988393.762694,14
1761988393.868501,15
1761988393.974877,14
1761988394.082170,16
1761988394.188180,16
1761988394.295084,18
1761988394.402351,16
1761988394.509647,19
1761988394.616532,18
1761988394.723855,16
1761988394.830244,15
1761988394.938320,15
1761988395.044505,15
1761988395.150773,9
1761988395.256907,7
1761988395.363422,9
1761988395.470448,10
1761988395.577233,9
1761988395.683969,9
1761988395.789119,9
1761988395.896262,10
1761988396.002959,10
1761988396.109456,10
1761988396.217367,10
1761988396.324506,10
1761988396.430588,10
1761988396.537398,9
1761988396.643805,11
1761988396.749909,10
1761988396.857603,10
1761988396.964517,10
1761988397.070209,10
1761988397.177750,10
1761988397.285579,10
1761988397.391793,10
1761988397.498357,11
1761988397.605406,11
1761988397.712293,11
1761988397.819743,11
1761988397.927861,12
1761988398.033918,12
1761988398.140175,12
1761988398.246102,12
1761988398.351356,13
1761988398.457395,13
1761988398.562985,13
1761988398.670909,13
1761988398.777258,14
1761988398.883218,15
1761988398.989728,19
1761988399.095286,20
1761988399.201060,17
1761988399.309371,14
1761988399.416041,12
1761988399.522260,7
1761988399.629294,6
1761988399.736328,7
1761988399.843311,7
1761988399.949237,7
1761988400.055213,7
1761988400.162454,7
1761988400.267420,8
1761988400.374155,9
1761988400.479381,9
1761988400.585523,9
1761988400.690896,9
1761988400.798206,8
1761988400.903404,9
1761988401.009061,10
1761988401.115402,10
1761988401.221595,9
1761988401.327870,9
1761988401.436011,9
1761988401.543011,10
1761988401.648188,10
1761988401.754394,10
1761988401.860510,10
1761988401.966282,10
1761988402.073404,10
1761988402.180139,10
1761988402.290924,11
1761988402.397433,13
1761988402.502891,19
1761988402.609765,19
1761988402.715250,14
1761988402.821374,14
1761988402.927856,12
1761988403.033914,12
1761988403.140072,12
1761988403.246119,13
1761988403.351581,13
1761988403.458106,13
1761988403.564166,14
1761988403.670480,13
1761988403.777415,13
1761988403.883737,13
1761988403.992514,13
1761988404.099703,15
1761988404.205929,14
1761988404.312511,14
1761988404.418534,14
1761988404.526357,14
1761988404.632607,14
1761988404.738797,14
1761988404.844700,15
1761988404.950766,14
1761988405.055741,15
1761988405.162545,15
1761988405.270370,15
1761988405.377340,15
1761988405.482887,15
1761988405.589909,15
1761988405.698334,15
1761988405.805464,16
1761988405.910317,16
1761988406.017243,19
1761988406.123220,18
1761988406.229829,15
1761988406.336069,13
1761988406.442055,12
1761988406.547432,11
1761988406.655390,8
1761988406.762167,7
1761988406.868081,10
1761988406.981334,11
1761988407.090056,10
1761988407.196501,9
1761988407.302308,8
1761988407.409263,8
1761988407.514184,9
1761988407.619465,9
1761988407.725778,9
1761988407.832510,9
1761988407.938767,9
1761988408.043070,9
1761988408.149826,10
1761988408.255394,10
1761988408.362051,10
1761988408.467708,10
1761988408.573665,10
1761988408.679683,11
1761988408.785323,12
1761988408.892056,11
1761988408.998196,12
1761988409.104331,12
1761988409.210698,12
1761988409.317714,12
1761988409.422468,12
1761988409.529593,12
1761988409.635992,12
1761988409.741777,13
1761988409.848170,13
1761988409.955241,13
1761988410.061074,13
1761988410.167636,14
1761988410.274024,14
1761988410.381161,20
1761988410.487109,19
1761988410.593708,17
1761988410.701813,13
1761988410.808329,13
1761988410.914865,8
1761988411.021710,5
1761988411.128774,5
1761988411.234952,6
1761988411.343875,7
1761988411.451682,7
1761988411.558257,7
1761988411.664969,7
1761988411.771737,7
1761988411.879237,8
1761988411.986477,8
1761988412.094006,8
1761988412.202331,8
1761988412.309114,8
1761988412.414997,8
1761988412.521248,9
1761988412.626215,9
1761988412.733946,9
1761988412.841438,9
1761988412.949248,10
1761988413.055064,10
1761988413.160790,10
1761988413.267612,11
1761988413.375251,11
1761988413.480995,11
1761988413.587482,11
1761988413.694381,12
1761988413.800748,12
1761988413.907366,18
1761988414.015693,18
1761988414.121728,13
1761988414.229040,14
1761988414.335159,12
1761988414.442731,11
1761988414.549924,11
1761988414.655279,11
1761988414.762195,11
1761988414.868973,12
1761988414.975668,13
1761988415.083044,12
1761988415.190045,12
1761988415.295910,12
1761988415.403126,13
1761988415.509360,13
1761988415.616091,13
1761988415.722431,15
1761988415.829277,14
1761988415.935465,14
1761988416.041094,14
1761988416.148302,14
1761988416.254139,14
1761988416.359840,14
1761988416.466515,14
1761988416.574411,14
1761988416.681248,15
1761988416.786513,15
1761988416.893051,15
1761988416.998750,15
1761988417.107137,15
1761988417.213964,16
1761988417.319819,17
1761988417.426585,20
1761988417.534096,19
1761988417.640499,16
1761988417.746673,13
1761988417.851886,14
1761988417.957906,9
1761988418.063484,7
1761988418.170877,7
1761988418.277880,8
1761988418.383618,7
1761988418.488854,10
1761988418.594322,9
1761988418.700068,8
1761988418.805778,8
1761988418.911972,8
1761988419.017715,8
1761988419.123449,9
1761988419.229238,9
1761988419.334142,9
1761988419.441522,10
1761988419.547432,10
1761988419.654647,10
1761988419.762512,11
1761988419.868515,11
1761988419.974223,11
1761988420.080258,11
1761988420.187777,11
1761988420.293805,11
1761988420.400486,11
1761988420.509795,11
1761988420.617131,11
1761988420.724089,11
1761988420.830171,13
1761988420.936158,11
1761988421.041614,12
1761988421.147369,11
1761988421.253484,12
1761988421.359245,12
1761988421.465232,12
1761988421.570772,13
1761988421.678100,13
1761988421.783670,20
1761988421.891349,18
1761988421.998096,17
1761988422.103509,13
1761988422.210314,13
1761988422.317152,7
1761988422.423067,6
1761988422.529602,7
1761988422.635962,6
1761988422.743282,7
1761988422.850770,7
1761988422.960211,7
1761988423.067423,7
1761988423.173224,7
1761988423.279478,8
1761988423.385507,8
1761988423.498354,8
1761988423.605377,8
1761988423.711264,8
1761988423.817688,8
1761988423.924222,10
1761988424.030944,10
1761988424.140301,10
1761988424.246731,10
1761988424.352193,10
1761988424.459183,9
1761988424.565349,9
1761988424.671591,10
1761988424.777238,11
1761988424.882898,10
1761988424.990565,10
1761988425.098101,11
1761988425.203514,12
1761988425.309920,17
1761988425.417328,16
1761988425.523197,13
1761988425.630275,13
1761988425.735938,11
1761988425.842145,11
1761988425.948036,11
1761988426.054564,11
1761988426.160332,11
1761988426.266234,12
1761988426.371148,12
1761988426.477570,12
1761988426.583818,12
1761988426.689034,13
1761988426.795920,13
1761988426.902066,14
1761988427.007533,13
1761988427.114307,13
1761988427.219152,14
1761988427.326407,14
1761988427.432497,14
1761988427.538165,14
1761988427.643311,14
1761988427.750000,14
1761988427.856085,14
1761988427.962335,14
1761988428.067998,14
1761988428.174703,15
1761988428.280705,15
1761988428.387108,15
1761988428.491879,15
1761988428.599353,16
1761988428.705233,17
1761988428.810176,20
1761988428.916499,19
1761988429.022234,17
1761988429.127778,14
1761988429.234265,13
1761988429.339654,10
1761988429.446254,7
1761988429.555609,6
1761988429.663857,8
1761988429.769413,9
1761988429.876353,9
1761988429.983399,9
1761988430.089256,8
1761988430.195534,8
1761988430.302138,8
1761988430.407542,8
1761988430.513851,9
1761988430.620261,9
1761988430.726868,9
1761988430.833144,10
1761988430.938418,11
1761988431.044296,10
1761988431.151567,11
1761988431.257134,11
1761988431.363383,11
1761988431.469995,11
1761988431.575611,11
1761988431.682980,11
1761988431.790049,11
1761988431.895605,13
1761988432.002548,11
1761988432.108145,12
1761988432.213812,12
1761988432.319620,11
1761988432.426234,12
1761988432.533587,11
1761988432.638966,12
1761988432.745135,12
1761988432.851489,13
1761988432.957692,14
1761988433.063775,14
1761988433.169692,19
1761988433.275271,19
1761988433.381593,16
1761988433.486427,13
1761988433.593210,12
1761988433.699473,5
1761988433.806332,5
1761988433.913272,6
1761988434.021415,6
1761988434.130104,7
1761988434.240000,7
1761988434.350314,7
1761988434.455696,7
1761988434.563590,7
1761988434.670593,8
1761988434.777616,8
1761988434.885731,8
1761988434.991925,8
1761988435.098173,8
1761988435.205180,8
1761988435.310771,9
1761988435.417272,9
1761988435.523825,9
1761988435.629689,9
1761988435.737617,10
1761988435.844687,10
1761988435.959565,11
1761988436.068646,10
1761988436.175472,11
1761988436.282932,11
1761988436.388271,12
1761988436.494268,11
1761988436.601625,10
1761988436.707795,17
1761988436.814112,17
1761988436.920201,13
1761988437.026168,13
1761988437.132131,11
1761988437.237876,11
1761988437.345204,11
1761988437.451549,11
1761988437.558724,11
1761988437.663958,12
1761988437.770455,12
1761988437.875778,13
1761988437.982551,12
1761988438.090544,12
1761988438.197431,13
1761988438.303121,13
1761988438.410121,13
1761988438.515794,14
1761988438.623381,15
1761988438.731660,14
1761988438.837921,14
1761988438.944342,14
1761988439.051412,14
1761988439.157407,14
1761988439.264523,14
1761988439.371701,14
1761988439.477702,15
1761988439.586406,15
1761988439.692102,15
1761988439.798207,15
1761988439.903648,16
1761988440.011068,17
1761988440.118413,16
1761988440.224167,20
1761988440.330326,18
1761988440.435696,14
1761988440.541831,14
1761988440.649568,14
1761988440.757149,9
1761988440.864535,7
1761988440.970850,8
1761988441.078597,7
1761988441.186664,10
1761988441.295434,9
1761988441.402153,9
1761988441.509037,8
1761988441.615044,8
1761988441.721704,8
1761988441.828008,10
1761988441.933771,10
1761988442.040965,10
1761988442.148550,10
1761988442.255515,10
1761988442.361128,10
1761988442.471523,9
1761988442.578504,10
1761988442.687811,11
1761988442.794145,10
1761988442.900629,10
1761988443.008682,10
1761988443.115553,10
1761988443.221092,10
1761988443.326761,11
1761988443.432505,11
1761988443.538585,11
1761988443.646261,11
1761988443.752109,11
1761988443.858211,11
1761988443.963940,11
1761988444.069831,11
1761988444.177007,12
1761988444.288143,13
1761988444.393852,14
1761988444.500252,14
1761988444.605886,19
1761988444.713404,19
1761988444.820004,13
1761988444.925779,14
1761988445.032001,11
1761988445.139386,6
1761988445.245691,6
1761988445.351549,6
1761988445.458215,7
1761988445.564001,7
1761988445.670160,7
1761988445.777395,7
1761988445.883413,7
1761988445.989470,7
1761988446.095542,9
1761988446.202316,8
1761988446.308993,9
1761988446.414190,9
1761988446.520397,9
1761988446.627339,9
1761988446.733848,9
1761988446.839224,10
1761988446.946086,10
1761988447.051560,10
1761988447.157908,10
1761988447.264508,10
1761988447.370676,10
1761988447.476441,10
1761988447.582593,10
1761988447.689631,10
1761988447.795341,10
